swe1_file	component	excel_row	swe1_id	id_is_placeholder	swe1_title	source_ids_raw	sysad_normalized	match_kind	other_sysra	sys_ra_sec	nrl	sys2_category	harman_status	md_status	existing_test_rel	ccvr_sheet_rows	new_test_ids	apk_method	verification_method	nrl_swe1	ccvr_batch	ccvr_items	cs212_direct	cs212_clause	manual_override	step_sources	channel_feasible	channel_feasible_why
swe1_037_certprovider_v1_0	CertProvider	9	SWE1-CertProvider-001	N	Verification of X.509 Leaf Certificate against Trusted Chain	SYSAD_COMP_CP_CORE ⏎ SYSAD_COMP_CP_STORE	SYSAD_COMP_CP_CORE;SYSAD_COMP_CP_STORE	exact	SYS-RA-CS00094-014;SYS-RA-CS00094-015;SYS-RA-CS00094-023;SYS-RA-CS00158-012;SYS-RA-CS00158-015;SYS-RA-CS00158-018;SYS-RA-CS00158-019;SYS-RA-CS00158-02;SYS-RA-CS00158-021;SYS-RA-CS00158-023;SYS-RA-CS00158-024;SYS-RA-CS00158-025;SYS-RA-CS00158-029;SYS-RA-CS00158-036;SYS-RA-CS00183-020;SYS-RA-CS00183-024;SYS-RA-SD00015-02;SYS-RA-SD00015-03;SYS-RA-SD00015-04;SYS-RA-SD00126-010;SYS-RA-SD00126-011;SYS-RA-SD00126-012;SYS-RA-SD00126-013;SYS-RA-SD00126-015;SYS-RA-SD00126-016;SYS-RA-SD00126-017;SYS-RA-SD00126-018;SYS-RA-SD00126-019;SYS-RA-SD00126-020;SYS-RA-SD00126-021;SYS-RA-SD00126-022;SYS-RA-SD00126-023	SYS-RA-SEC-223;SYS-RA-SEC-224;SYS-RA-SEC-225;SYS-RA-SEC-226;SYS-RA-SEC-228;SYS-RA-SEC-376;SYS-RA-SEC-377;SYS-RA-SEC-380;SYS-RA-SEC-381;SYS-RA-SEC-383;SYS-RA-SEC-384;SYS-RA-SEC-385;SYS-RA-SEC-459;SYS-RA-SEC-460;SYS-RA-SEC-461;SYS-RA-SEC-516;SYS-RA-SEC-517;SYS-RA-SEC-518;SYS-RA-SEC-519;SYS-RA-SEC-520;SYS-RA-SEC-521;SYS-RA-SEC-522;SYS-RA-SEC-526;SYS-RA-SEC-527;SYS-RA-SEC-529;SYS-RA-SEC-530;SYS-RA-SEC-531;SYS-RA-SEC-532;SYS-RA-SEC-533;SYS-RA-SEC-539;SYS-RA-SEC-540;SYS-RA-SEC-542;SYS-RA-SEC-543;SYS-RA-SEC-544;SYS-RA-SEC-545;SYS-RA-SEC-546;SYS-RA-SEC-547;SYS-RA-SEC-548;SYS-RA-SEC-549;SYS-RA-SEC-550;SYS-RA-SEC-551	NRL-134408;NRL-134409;NRL-134410;NRL-134411;NRL-134413;NRL-134561;NRL-134562;NRL-134565;NRL-134566;NRL-134568;NRL-134569;NRL-134570;NRL-134644;NRL-134645;NRL-134646;NRL-134701;NRL-134702;NRL-134703;NRL-134704;NRL-134705;NRL-134706;NRL-134707;NRL-134711;NRL-134712;NRL-134714;NRL-134715;NRL-134716;NRL-134717;NRL-134718;NRL-134724;NRL-134725;NRL-134727;NRL-134728;NRL-134729;NRL-134730;NRL-134731;NRL-134732;NRL-134733;NRL-134734;NRL-134735;NRL-134736	Functional Requirement;Out of Scope	Accepted	Accepted	No existing test mapped;Partial / conditional test link;Source: out of scope	Auth-Boot CS.93 / 1 [Partial];Cert Val CS.98 / 1 [Conditional];Cert Val CS.98 / 1 [Partial];Cert Val CS.98 / 10 [Partial];Cert Val CS.98 / 2 [Conditional];Cert Val CS.98 / 2 [Partial];Cert Val CS.98 / 5 [Conditional];Cert Val CS.98 / 5 [Partial];Cert Val CS.98 / 6 [Conditional];Cert Val CS.98 / 6 [Partial];Cert Val CS.98 / 7 [Conditional];Cert Val CS.98 / 7 [Partial];Cert Val CS.98 / 8 [Conditional];Cert Val CS.98 / 8 [Partial];Cert Val CS.98 / 9 [Conditional];Cyber DIDs R&P-CS.102 / 2031 [Supporting catalog];Cyber DIDs R&P-CS.102 / 295D [Supporting catalog];Cyber DIDs R&P-CS.102 / 295E [Supporting catalog];Cyber DIDs R&P-CS.102 / F111 [Supporting catalog];Cyber DIDs R&P-CS.102 / F1C6 [Supporting catalog];DID CS.102 / 2031 [Supporting catalog];DID CS.102 / 295D [Supporting catalog];DID CS.102 / 295E [Supporting catalog];DID CS.102 / F111 [Supporting catalog];DID CS.102 / F1C6 [Supporting catalog]	NEW-CERT-01;NEW-CERT-02;NEW-CERT-03;NEW-CERT-04;NEW-CERT-05;NEW-CERT-06;NEW-CERT-07;NEW-CERT-08;NEW-CERT-09;NEW-CERT-12;NEW-CERT-13;NEW-CERT-14;NEW-CERT-15;NEW-CERT-16;NEW-CERT-17;NEW-CERT-18;NEW-CERT-19;NEW-CRYPTO-01;NEW-REV-01;NEW-REV-02;NEW-REV-03;NEW-REV-04;NEW-REV-L3 NEW-REV-L2 NEW-REV-L1 NEW-REV-L0;NEW-REV-L3 NEW-REV-L2 NEW-REV-L1 NEW-REV-L0 NEW-REV-03;NEW-REV-L3 NEW-REV-L2 NEW-REV-L1 NEW-REV-L0 NEW-REV-04	samCertTestNormalFlow	Test / Log Observation	NRL-349384	1	Auth-Boot CS.93、Cert Val CS.98	N		N	VC;APK:samCertTestNormalFlow;CS98:2;CS98:13;CS98:3;CS98:6;CS98:9;CS98:10;CS98:11;CS98:12;CERTPROFILE:chain/BasicConstraints/KeyUsage（r11,r18,r25-r39）	Y/Y	有外部可執行素材：APK、CS98
swe1_037_certprovider_v1_0	CertProvider	10	SWE1-CertProvider-002	N	Verification of Certificate Subject Field	SYSAD_COMP_CP_CORE	SYSAD_COMP_CP_CORE	exact	SYS-RA-CS00094-014;SYS-RA-CS00094-023;SYS-RA-CS00158-018;SYS-RA-CS00158-019;SYS-RA-CS00158-036;SYS-RA-CS00183-020;SYS-RA-CS00183-024;SYS-RA-SD00126-010;SYS-RA-SD00126-012;SYS-RA-SD00126-013;SYS-RA-SD00126-015;SYS-RA-SD00126-016;SYS-RA-SD00126-017;SYS-RA-SD00126-018;SYS-RA-SD00126-020;SYS-RA-SD00126-021;SYS-RA-SD00126-022;SYS-RA-SD00126-023	SYS-RA-SEC-380;SYS-RA-SEC-381;SYS-RA-SEC-383;SYS-RA-SEC-384;SYS-RA-SEC-385;SYS-RA-SEC-459;SYS-RA-SEC-460;SYS-RA-SEC-461;SYS-RA-SEC-529;SYS-RA-SEC-530;SYS-RA-SEC-531;SYS-RA-SEC-532	NRL-134565;NRL-134566;NRL-134568;NRL-134569;NRL-134570;NRL-134644;NRL-134645;NRL-134646;NRL-134714;NRL-134715;NRL-134716;NRL-134717	Functional Requirement	Accepted	Accepted	No existing test mapped;Partial / conditional test link	Cert Val CS.98 / 1 [Partial];Cert Val CS.98 / 2 [Conditional];Cert Val CS.98 / 2 [Partial];Cert Val CS.98 / 5 [Conditional];Cert Val CS.98 / 5 [Partial];Cert Val CS.98 / 6 [Conditional];Cert Val CS.98 / 6 [Partial];Cert Val CS.98 / 7 [Conditional];Cert Val CS.98 / 7 [Partial];Cert Val CS.98 / 8 [Conditional];Cert Val CS.98 / 8 [Partial];Cyber DIDs R&P-CS.102 / 2031 [Supporting catalog];Cyber DIDs R&P-CS.102 / 295D [Supporting catalog];Cyber DIDs R&P-CS.102 / 295E [Supporting catalog];Cyber DIDs R&P-CS.102 / F111 [Supporting catalog];Cyber DIDs R&P-CS.102 / F1C6 [Supporting catalog];DID CS.102 / 2031 [Supporting catalog];DID CS.102 / 295D [Supporting catalog];DID CS.102 / 295E [Supporting catalog];DID CS.102 / F111 [Supporting catalog];DID CS.102 / F1C6 [Supporting catalog]	NEW-CERT-01;NEW-CERT-07;NEW-CERT-08;NEW-CERT-09;NEW-CERT-12;NEW-CERT-13;NEW-REV-01;NEW-REV-02;NEW-REV-L3 NEW-REV-L2 NEW-REV-L1 NEW-REV-L0;NEW-REV-L3 NEW-REV-L2 NEW-REV-L1 NEW-REV-L0 NEW-REV-03;NEW-REV-L3 NEW-REV-L2 NEW-REV-L1 NEW-REV-L0 NEW-REV-04	samCertTestNormalFlow	Test / Log Observation	NRL-349385	1	Cert Val CS.98	N		N	VC;APK:samCertTestNormalFlow;CS98:2;CS98:3;CS98:6;CS98:9;CS98:10;CS98:11;CERTPROFILE:Subject CN／O（r13-r19）;REF:DR-SEC-q(037/CS165 原文粒度)	Y/N	有外部可執行素材：APK、CS98；負向分支 N —— DUT 側無觸發手段（R-SEC15(b)，SEC-03 §3）
swe1_037_certprovider_v1_0	CertProvider	11	SWE1-CertProvider-003	N	Verification of Certificate Issuer Field	SYSAD_COMP_CP_CORE	SYSAD_COMP_CP_CORE	exact	SYS-RA-CS00094-014;SYS-RA-CS00094-023;SYS-RA-CS00158-018;SYS-RA-CS00158-019;SYS-RA-CS00158-036;SYS-RA-CS00183-020;SYS-RA-CS00183-024;SYS-RA-SD00126-010;SYS-RA-SD00126-012;SYS-RA-SD00126-013;SYS-RA-SD00126-015;SYS-RA-SD00126-016;SYS-RA-SD00126-017;SYS-RA-SD00126-018;SYS-RA-SD00126-020;SYS-RA-SD00126-021;SYS-RA-SD00126-022;SYS-RA-SD00126-023	SYS-RA-SEC-380;SYS-RA-SEC-381;SYS-RA-SEC-383;SYS-RA-SEC-384;SYS-RA-SEC-385;SYS-RA-SEC-459;SYS-RA-SEC-460;SYS-RA-SEC-461;SYS-RA-SEC-529;SYS-RA-SEC-530;SYS-RA-SEC-531;SYS-RA-SEC-532	NRL-134565;NRL-134566;NRL-134568;NRL-134569;NRL-134570;NRL-134644;NRL-134645;NRL-134646;NRL-134714;NRL-134715;NRL-134716;NRL-134717	Functional Requirement	Accepted	Accepted	No existing test mapped;Partial / conditional test link	Cert Val CS.98 / 1 [Partial];Cert Val CS.98 / 2 [Conditional];Cert Val CS.98 / 2 [Partial];Cert Val CS.98 / 5 [Conditional];Cert Val CS.98 / 5 [Partial];Cert Val CS.98 / 6 [Conditional];Cert Val CS.98 / 6 [Partial];Cert Val CS.98 / 7 [Conditional];Cert Val CS.98 / 7 [Partial];Cert Val CS.98 / 8 [Conditional];Cert Val CS.98 / 8 [Partial];Cyber DIDs R&P-CS.102 / 2031 [Supporting catalog];Cyber DIDs R&P-CS.102 / 295D [Supporting catalog];Cyber DIDs R&P-CS.102 / 295E [Supporting catalog];Cyber DIDs R&P-CS.102 / F111 [Supporting catalog];Cyber DIDs R&P-CS.102 / F1C6 [Supporting catalog];DID CS.102 / 2031 [Supporting catalog];DID CS.102 / 295D [Supporting catalog];DID CS.102 / 295E [Supporting catalog];DID CS.102 / F111 [Supporting catalog];DID CS.102 / F1C6 [Supporting catalog]	NEW-CERT-01;NEW-CERT-07;NEW-CERT-08;NEW-CERT-09;NEW-CERT-12;NEW-CERT-13;NEW-REV-01;NEW-REV-02;NEW-REV-L3 NEW-REV-L2 NEW-REV-L1 NEW-REV-L0;NEW-REV-L3 NEW-REV-L2 NEW-REV-L1 NEW-REV-L0 NEW-REV-03;NEW-REV-L3 NEW-REV-L2 NEW-REV-L1 NEW-REV-L0 NEW-REV-04	samCertTestNormalFlow	Test / Log Observation	NRL-349386	1	Cert Val CS.98	N		N	VC;APK:samCertTestNormalFlow;CS98:2;CS98:3;CS98:6;CS98:9;CS98:10;CS98:11;CERTPROFILE:Issuer CN（r6-r11）;REF:DR-SEC-q(037/CS165 原文粒度)	Y/Y	有外部可執行素材：APK、CS98
swe1_037_certprovider_v1_0	CertProvider	12	SWE1-CertProvider-004	N	Certificate Revocation Check via Local Storage	SYSAD_COMP_CP_CORE	SYSAD_COMP_CP_CORE	exact	SYS-RA-CS00094-014;SYS-RA-CS00094-023;SYS-RA-CS00158-018;SYS-RA-CS00158-019;SYS-RA-CS00158-036;SYS-RA-CS00183-020;SYS-RA-CS00183-024;SYS-RA-SD00126-010;SYS-RA-SD00126-012;SYS-RA-SD00126-013;SYS-RA-SD00126-015;SYS-RA-SD00126-016;SYS-RA-SD00126-017;SYS-RA-SD00126-018;SYS-RA-SD00126-020;SYS-RA-SD00126-021;SYS-RA-SD00126-022;SYS-RA-SD00126-023	SYS-RA-SEC-380;SYS-RA-SEC-381;SYS-RA-SEC-383;SYS-RA-SEC-384;SYS-RA-SEC-385;SYS-RA-SEC-459;SYS-RA-SEC-460;SYS-RA-SEC-461;SYS-RA-SEC-529;SYS-RA-SEC-530;SYS-RA-SEC-531;SYS-RA-SEC-532	NRL-134565;NRL-134566;NRL-134568;NRL-134569;NRL-134570;NRL-134644;NRL-134645;NRL-134646;NRL-134714;NRL-134715;NRL-134716;NRL-134717	Functional Requirement	Accepted	Accepted	No existing test mapped;Partial / conditional test link	Cert Val CS.98 / 1 [Partial];Cert Val CS.98 / 2 [Conditional];Cert Val CS.98 / 2 [Partial];Cert Val CS.98 / 5 [Conditional];Cert Val CS.98 / 5 [Partial];Cert Val CS.98 / 6 [Conditional];Cert Val CS.98 / 6 [Partial];Cert Val CS.98 / 7 [Conditional];Cert Val CS.98 / 7 [Partial];Cert Val CS.98 / 8 [Conditional];Cert Val CS.98 / 8 [Partial];Cyber DIDs R&P-CS.102 / 2031 [Supporting catalog];Cyber DIDs R&P-CS.102 / 295D [Supporting catalog];Cyber DIDs R&P-CS.102 / 295E [Supporting catalog];Cyber DIDs R&P-CS.102 / F111 [Supporting catalog];Cyber DIDs R&P-CS.102 / F1C6 [Supporting catalog];DID CS.102 / 2031 [Supporting catalog];DID CS.102 / 295D [Supporting catalog];DID CS.102 / 295E [Supporting catalog];DID CS.102 / F111 [Supporting catalog];DID CS.102 / F1C6 [Supporting catalog]	NEW-CERT-01;NEW-CERT-07;NEW-CERT-08;NEW-CERT-09;NEW-CERT-12;NEW-CERT-13;NEW-REV-01;NEW-REV-02;NEW-REV-L3 NEW-REV-L2 NEW-REV-L1 NEW-REV-L0;NEW-REV-L3 NEW-REV-L2 NEW-REV-L1 NEW-REV-L0 NEW-REV-03;NEW-REV-L3 NEW-REV-L2 NEW-REV-L1 NEW-REV-L0 NEW-REV-04	samCertTestNormalFlow	Test / Log Observation	NRL-349387	1	Cert Val CS.98	N		N	VC;APK:samCertTestNormalFlow;CS98:2;CS98:3;CS98:6;CS98:9;CS98:10;CS98:11;CERTPROFILE:algorithm/validity（r5,r12,r20-r22,r44）;TERM:CRL|DCL	Y/Y	有外部可執行素材：APK、CS98
swe1_037_certprovider_v1_0	CertProvider	13	SWE1-CertProvider-005	N	Dynamic Certificate Revocation Check via Memory-only Download	SYSAD_COMP_CP_CORE	SYSAD_COMP_CP_CORE	exact	SYS-RA-CS00094-014;SYS-RA-CS00094-023;SYS-RA-CS00158-018;SYS-RA-CS00158-019;SYS-RA-CS00158-036;SYS-RA-CS00183-020;SYS-RA-CS00183-024;SYS-RA-SD00126-010;SYS-RA-SD00126-012;SYS-RA-SD00126-013;SYS-RA-SD00126-015;SYS-RA-SD00126-016;SYS-RA-SD00126-017;SYS-RA-SD00126-018;SYS-RA-SD00126-020;SYS-RA-SD00126-021;SYS-RA-SD00126-022;SYS-RA-SD00126-023	SYS-RA-SEC-380;SYS-RA-SEC-381;SYS-RA-SEC-383;SYS-RA-SEC-384;SYS-RA-SEC-385;SYS-RA-SEC-459;SYS-RA-SEC-460;SYS-RA-SEC-461;SYS-RA-SEC-529;SYS-RA-SEC-530;SYS-RA-SEC-531;SYS-RA-SEC-532	NRL-134565;NRL-134566;NRL-134568;NRL-134569;NRL-134570;NRL-134644;NRL-134645;NRL-134646;NRL-134714;NRL-134715;NRL-134716;NRL-134717	Functional Requirement	Accepted	Accepted	No existing test mapped;Partial / conditional test link	Cert Val CS.98 / 1 [Partial];Cert Val CS.98 / 2 [Conditional];Cert Val CS.98 / 2 [Partial];Cert Val CS.98 / 5 [Conditional];Cert Val CS.98 / 5 [Partial];Cert Val CS.98 / 6 [Conditional];Cert Val CS.98 / 6 [Partial];Cert Val CS.98 / 7 [Conditional];Cert Val CS.98 / 7 [Partial];Cert Val CS.98 / 8 [Conditional];Cert Val CS.98 / 8 [Partial];Cyber DIDs R&P-CS.102 / 2031 [Supporting catalog];Cyber DIDs R&P-CS.102 / 295D [Supporting catalog];Cyber DIDs R&P-CS.102 / 295E [Supporting catalog];Cyber DIDs R&P-CS.102 / F111 [Supporting catalog];Cyber DIDs R&P-CS.102 / F1C6 [Supporting catalog];DID CS.102 / 2031 [Supporting catalog];DID CS.102 / 295D [Supporting catalog];DID CS.102 / 295E [Supporting catalog];DID CS.102 / F111 [Supporting catalog];DID CS.102 / F1C6 [Supporting catalog]	NEW-CERT-01;NEW-CERT-07;NEW-CERT-08;NEW-CERT-09;NEW-CERT-12;NEW-CERT-13;NEW-REV-01;NEW-REV-02;NEW-REV-L3 NEW-REV-L2 NEW-REV-L1 NEW-REV-L0;NEW-REV-L3 NEW-REV-L2 NEW-REV-L1 NEW-REV-L0 NEW-REV-03;NEW-REV-L3 NEW-REV-L2 NEW-REV-L1 NEW-REV-L0 NEW-REV-04	samCertTestNormalFlow	Test / Log Observation	NRL-349388	1	Cert Val CS.98	N		N	VC;APK:samCertTestNormalFlow;CS98:2;CS98:3;CS98:6;CS98:9;CS98:10;CS98:11;CERTPROFILE:CDP／AIA（r40,r43）;TERM:CRL|DCL	Y/Y	有外部可執行素材：APK、CS98
swe1_037_certprovider_v1_0	CertProvider	14	SWE1-CertProvider-006	N	Compliance with Android Application Development Guidelines	SYSAD_COMP_CP_SERVICE SYSAD_COMP_CP_CORE	SYSAD_COMP_CP_SERVICE;SYSAD_COMP_CP_CORE	exact	SYS-RA-CS00094-014;SYS-RA-CS00094-023;SYS-RA-CS00158-018;SYS-RA-CS00158-019;SYS-RA-CS00158-036;SYS-RA-CS00183-020;SYS-RA-CS00183-024;SYS-RA-SD00126-010;SYS-RA-SD00126-012;SYS-RA-SD00126-013;SYS-RA-SD00126-015;SYS-RA-SD00126-016;SYS-RA-SD00126-017;SYS-RA-SD00126-018;SYS-RA-SD00126-020;SYS-RA-SD00126-021;SYS-RA-SD00126-022;SYS-RA-SD00126-023	SYS-RA-SEC-380;SYS-RA-SEC-381;SYS-RA-SEC-383;SYS-RA-SEC-384;SYS-RA-SEC-385;SYS-RA-SEC-459;SYS-RA-SEC-460;SYS-RA-SEC-461;SYS-RA-SEC-529;SYS-RA-SEC-530;SYS-RA-SEC-531;SYS-RA-SEC-532	NRL-134565;NRL-134566;NRL-134568;NRL-134569;NRL-134570;NRL-134644;NRL-134645;NRL-134646;NRL-134714;NRL-134715;NRL-134716;NRL-134717	Functional Requirement	Accepted	Accepted	No existing test mapped;Partial / conditional test link	Cert Val CS.98 / 1 [Partial];Cert Val CS.98 / 2 [Conditional];Cert Val CS.98 / 2 [Partial];Cert Val CS.98 / 5 [Conditional];Cert Val CS.98 / 5 [Partial];Cert Val CS.98 / 6 [Conditional];Cert Val CS.98 / 6 [Partial];Cert Val CS.98 / 7 [Conditional];Cert Val CS.98 / 7 [Partial];Cert Val CS.98 / 8 [Conditional];Cert Val CS.98 / 8 [Partial];Cyber DIDs R&P-CS.102 / 2031 [Supporting catalog];Cyber DIDs R&P-CS.102 / 295D [Supporting catalog];Cyber DIDs R&P-CS.102 / 295E [Supporting catalog];Cyber DIDs R&P-CS.102 / F111 [Supporting catalog];Cyber DIDs R&P-CS.102 / F1C6 [Supporting catalog];DID CS.102 / 2031 [Supporting catalog];DID CS.102 / 295D [Supporting catalog];DID CS.102 / 295E [Supporting catalog];DID CS.102 / F111 [Supporting catalog];DID CS.102 / F1C6 [Supporting catalog]	NEW-CERT-01;NEW-CERT-07;NEW-CERT-08;NEW-CERT-09;NEW-CERT-12;NEW-CERT-13;NEW-REV-01;NEW-REV-02;NEW-REV-L3 NEW-REV-L2 NEW-REV-L1 NEW-REV-L0;NEW-REV-L3 NEW-REV-L2 NEW-REV-L1 NEW-REV-L0 NEW-REV-03;NEW-REV-L3 NEW-REV-L2 NEW-REV-L1 NEW-REV-L0 NEW-REV-04	samCertTestNormalFlow	Test / Log Observation	NRL-349389	1	Cert Val CS.98	N		N	VC;APK:samCertTestNormalFlow;CS98:2;CS98:3;CS98:6;CS98:9;CS98:10;CS98:11;CERTPROFILE:algorithm/validity（r5,r12,r20-r22,r44）	Y/Y	有外部可執行素材：APK、CS98
swe1_037_certprovider_v1_0	CertProvider	15	SWE1-CertProvider-007	N	Secure and Persistent Storage for Trusted Certificates	SYSAD_COMP_CP_STORE	SYSAD_COMP_CP_STORE	exact	SYS-RA-CS00094-014;SYS-RA-CS00094-015;SYS-RA-CS00094-023;SYS-RA-CS00158-012;SYS-RA-CS00158-015;SYS-RA-CS00158-018;SYS-RA-CS00158-019;SYS-RA-CS00158-02;SYS-RA-CS00158-021;SYS-RA-CS00158-023;SYS-RA-CS00158-024;SYS-RA-CS00158-025;SYS-RA-CS00158-029;SYS-RA-CS00158-036;SYS-RA-SD00015-02;SYS-RA-SD00015-03;SYS-RA-SD00015-04;SYS-RA-SD00126-010;SYS-RA-SD00126-011;SYS-RA-SD00126-019	SYS-RA-SEC-223;SYS-RA-SEC-224;SYS-RA-SEC-225;SYS-RA-SEC-226;SYS-RA-SEC-228;SYS-RA-SEC-376;SYS-RA-SEC-377;SYS-RA-SEC-381;SYS-RA-SEC-383;SYS-RA-SEC-459;SYS-RA-SEC-461;SYS-RA-SEC-516;SYS-RA-SEC-517;SYS-RA-SEC-518;SYS-RA-SEC-519;SYS-RA-SEC-520;SYS-RA-SEC-521;SYS-RA-SEC-522;SYS-RA-SEC-526;SYS-RA-SEC-527;SYS-RA-SEC-533;SYS-RA-SEC-539;SYS-RA-SEC-540;SYS-RA-SEC-542;SYS-RA-SEC-543;SYS-RA-SEC-544;SYS-RA-SEC-545;SYS-RA-SEC-546;SYS-RA-SEC-547;SYS-RA-SEC-548;SYS-RA-SEC-549;SYS-RA-SEC-550;SYS-RA-SEC-551	NRL-134408;NRL-134409;NRL-134410;NRL-134411;NRL-134413;NRL-134561;NRL-134562;NRL-134566;NRL-134568;NRL-134644;NRL-134646;NRL-134701;NRL-134702;NRL-134703;NRL-134704;NRL-134705;NRL-134706;NRL-134707;NRL-134711;NRL-134712;NRL-134718;NRL-134724;NRL-134725;NRL-134727;NRL-134728;NRL-134729;NRL-134730;NRL-134731;NRL-134732;NRL-134733;NRL-134734;NRL-134735;NRL-134736	Functional Requirement;Out of Scope	Accepted	Accepted	No existing test mapped;Partial / conditional test link;Source: out of scope	Auth-Boot CS.93 / 1 [Partial];Cert Val CS.98 / 1 [Conditional];Cert Val CS.98 / 1 [Partial];Cert Val CS.98 / 10 [Partial];Cert Val CS.98 / 2 [Conditional];Cert Val CS.98 / 5 [Conditional];Cert Val CS.98 / 6 [Conditional];Cert Val CS.98 / 7 [Conditional];Cert Val CS.98 / 8 [Conditional];Cert Val CS.98 / 9 [Conditional];Cyber DIDs R&P-CS.102 / F111 [Supporting catalog];Cyber DIDs R&P-CS.102 / F1C6 [Supporting catalog];DID CS.102 / F111 [Supporting catalog];DID CS.102 / F1C6 [Supporting catalog]	NEW-CERT-01;NEW-CERT-02;NEW-CERT-03;NEW-CERT-04;NEW-CERT-05;NEW-CERT-06;NEW-CERT-12;NEW-CERT-13;NEW-CERT-14;NEW-CERT-15;NEW-CERT-16;NEW-CERT-17;NEW-CERT-18;NEW-CERT-19;NEW-CRYPTO-01;NEW-REV-03;NEW-REV-04;NEW-REV-L3 NEW-REV-L2 NEW-REV-L1 NEW-REV-L0;NEW-REV-L3 NEW-REV-L2 NEW-REV-L1 NEW-REV-L0 NEW-REV-03	samCertTestNormalFlow	Test / Log Observation	NRL-349390	1	Auth-Boot CS.93、Cert Val CS.98	N		N	VC;APK:samCertTestNormalFlow;CS98:2;CS98:13;CS98:3;CS98:6;CS98:9;CS98:10;CS98:11;CS98:12;CERTPROFILE:algorithm/validity（r5,r12,r20-r22,r44）	Y/Y	有外部可執行素材：APK、CS98
swe1_037_certprovider_v1_0	CertProvider	16	SWE1-CertProvider-008	N	Provision of Client Interfaces for Java and Native Clients	SYSAD_IF_CP_BINDER ⏎ SYSAD_IF_CP_CORE_API	SYSAD_IF_CP_BINDER;SYSAD_IF_CP_CORE_API	exact	SYS-RA-CS00094-014;SYS-RA-SD00126-010	SYS-RA-SEC-380;SYS-RA-SEC-381;SYS-RA-SEC-383;SYS-RA-SEC-459;SYS-RA-SEC-460;SYS-RA-SEC-461	NRL-134565;NRL-134566;NRL-134568;NRL-134644;NRL-134645;NRL-134646	Functional Requirement	Accepted	Accepted	No existing test mapped;Partial / conditional test link	Cert Val CS.98 / 1 [Partial];Cert Val CS.98 / 2 [Conditional];Cert Val CS.98 / 5 [Conditional];Cert Val CS.98 / 6 [Conditional];Cert Val CS.98 / 7 [Conditional];Cert Val CS.98 / 8 [Conditional];Cyber DIDs R&P-CS.102 / F111 [Supporting catalog];Cyber DIDs R&P-CS.102 / F1C6 [Supporting catalog];DID CS.102 / F111 [Supporting catalog];DID CS.102 / F1C6 [Supporting catalog]	NEW-CERT-01;NEW-CERT-07;NEW-CERT-12;NEW-CERT-13;NEW-REV-L3 NEW-REV-L2 NEW-REV-L1 NEW-REV-L0	samCertTestNormalFlow	Test / Log Observation	NRL-349391	1	Cert Val CS.98、Secure Log CS.212	Y	THEN. Confirm successful end-to-end verification through system logs (Logdog) for both client types.	N	VC;APK:samCertTestNormalFlow;CS98:2;CS98:3;CS98:6;CS98:9;CS98:10;CS98:11;CERTPROFILE:algorithm/validity（r5,r12,r20-r22,r44）	Y/Y	有外部可執行素材：APK、CS98
swe1_037_certprovider_v1_0	CertProvider	17	SWE1-CertProvider-009	N	Support for Product and Application Dependent Configuration	SYSAD_COMP_CP_STORE	SYSAD_COMP_CP_STORE	exact	SYS-RA-CS00094-014;SYS-RA-CS00094-015;SYS-RA-CS00094-023;SYS-RA-CS00158-012;SYS-RA-CS00158-015;SYS-RA-CS00158-018;SYS-RA-CS00158-019;SYS-RA-CS00158-02;SYS-RA-CS00158-021;SYS-RA-CS00158-023;SYS-RA-CS00158-024;SYS-RA-CS00158-025;SYS-RA-CS00158-029;SYS-RA-CS00158-036;SYS-RA-SD00015-02;SYS-RA-SD00015-03;SYS-RA-SD00015-04;SYS-RA-SD00126-010;SYS-RA-SD00126-011;SYS-RA-SD00126-019	SYS-RA-SEC-223;SYS-RA-SEC-224;SYS-RA-SEC-225;SYS-RA-SEC-226;SYS-RA-SEC-228;SYS-RA-SEC-376;SYS-RA-SEC-377;SYS-RA-SEC-381;SYS-RA-SEC-383;SYS-RA-SEC-459;SYS-RA-SEC-461;SYS-RA-SEC-516;SYS-RA-SEC-517;SYS-RA-SEC-518;SYS-RA-SEC-519;SYS-RA-SEC-520;SYS-RA-SEC-521;SYS-RA-SEC-522;SYS-RA-SEC-526;SYS-RA-SEC-527;SYS-RA-SEC-533;SYS-RA-SEC-539;SYS-RA-SEC-540;SYS-RA-SEC-542;SYS-RA-SEC-543;SYS-RA-SEC-544;SYS-RA-SEC-545;SYS-RA-SEC-546;SYS-RA-SEC-547;SYS-RA-SEC-548;SYS-RA-SEC-549;SYS-RA-SEC-550;SYS-RA-SEC-551	NRL-134408;NRL-134409;NRL-134410;NRL-134411;NRL-134413;NRL-134561;NRL-134562;NRL-134566;NRL-134568;NRL-134644;NRL-134646;NRL-134701;NRL-134702;NRL-134703;NRL-134704;NRL-134705;NRL-134706;NRL-134707;NRL-134711;NRL-134712;NRL-134718;NRL-134724;NRL-134725;NRL-134727;NRL-134728;NRL-134729;NRL-134730;NRL-134731;NRL-134732;NRL-134733;NRL-134734;NRL-134735;NRL-134736	Functional Requirement;Out of Scope	Accepted	Accepted	No existing test mapped;Partial / conditional test link;Source: out of scope	Auth-Boot CS.93 / 1 [Partial];Cert Val CS.98 / 1 [Conditional];Cert Val CS.98 / 1 [Partial];Cert Val CS.98 / 10 [Partial];Cert Val CS.98 / 2 [Conditional];Cert Val CS.98 / 5 [Conditional];Cert Val CS.98 / 6 [Conditional];Cert Val CS.98 / 7 [Conditional];Cert Val CS.98 / 8 [Conditional];Cert Val CS.98 / 9 [Conditional];Cyber DIDs R&P-CS.102 / F111 [Supporting catalog];Cyber DIDs R&P-CS.102 / F1C6 [Supporting catalog];DID CS.102 / F111 [Supporting catalog];DID CS.102 / F1C6 [Supporting catalog]	NEW-CERT-01;NEW-CERT-02;NEW-CERT-03;NEW-CERT-04;NEW-CERT-05;NEW-CERT-06;NEW-CERT-12;NEW-CERT-13;NEW-CERT-14;NEW-CERT-15;NEW-CERT-16;NEW-CERT-17;NEW-CERT-18;NEW-CERT-19;NEW-CRYPTO-01;NEW-REV-03;NEW-REV-04;NEW-REV-L3 NEW-REV-L2 NEW-REV-L1 NEW-REV-L0;NEW-REV-L3 NEW-REV-L2 NEW-REV-L1 NEW-REV-L0 NEW-REV-03	samCertTestNormalFlow	Test / Log Observation	NRL-349392	1	Auth-Boot CS.93、Cert Val CS.98	N		N	VC;APK:samCertTestNormalFlow;CS98:2;CS98:13;CS98:3;CS98:6;CS98:9;CS98:10;CS98:11;CS98:12;CERTPROFILE:algorithm/validity（r5,r12,r20-r22,r44）	Y/Y	有外部可執行素材：APK、CS98
swe1_037_certprovider_v1_0	CertProvider	18	SWE1-CertProvider-010	N	Resource Consumption and Performance Constraints	SYSAD_COMP_CP_CORE SYSAD_COMP_CP_SERVICE	SYSAD_COMP_CP_CORE;SYSAD_COMP_CP_SERVICE	exact	SYS-RA-CS00094-014;SYS-RA-CS00094-023;SYS-RA-CS00158-018;SYS-RA-CS00158-019;SYS-RA-CS00158-036;SYS-RA-CS00183-020;SYS-RA-CS00183-024;SYS-RA-SD00126-010;SYS-RA-SD00126-012;SYS-RA-SD00126-013;SYS-RA-SD00126-015;SYS-RA-SD00126-016;SYS-RA-SD00126-017;SYS-RA-SD00126-018;SYS-RA-SD00126-020;SYS-RA-SD00126-021;SYS-RA-SD00126-022;SYS-RA-SD00126-023	SYS-RA-SEC-380;SYS-RA-SEC-381;SYS-RA-SEC-383;SYS-RA-SEC-384;SYS-RA-SEC-385;SYS-RA-SEC-459;SYS-RA-SEC-460;SYS-RA-SEC-461;SYS-RA-SEC-529;SYS-RA-SEC-530;SYS-RA-SEC-531;SYS-RA-SEC-532	NRL-134565;NRL-134566;NRL-134568;NRL-134569;NRL-134570;NRL-134644;NRL-134645;NRL-134646;NRL-134714;NRL-134715;NRL-134716;NRL-134717	Functional Requirement	Accepted	Accepted	No existing test mapped;Partial / conditional test link	Cert Val CS.98 / 1 [Partial];Cert Val CS.98 / 2 [Conditional];Cert Val CS.98 / 2 [Partial];Cert Val CS.98 / 5 [Conditional];Cert Val CS.98 / 5 [Partial];Cert Val CS.98 / 6 [Conditional];Cert Val CS.98 / 6 [Partial];Cert Val CS.98 / 7 [Conditional];Cert Val CS.98 / 7 [Partial];Cert Val CS.98 / 8 [Conditional];Cert Val CS.98 / 8 [Partial];Cyber DIDs R&P-CS.102 / 2031 [Supporting catalog];Cyber DIDs R&P-CS.102 / 295D [Supporting catalog];Cyber DIDs R&P-CS.102 / 295E [Supporting catalog];Cyber DIDs R&P-CS.102 / F111 [Supporting catalog];Cyber DIDs R&P-CS.102 / F1C6 [Supporting catalog];DID CS.102 / 2031 [Supporting catalog];DID CS.102 / 295D [Supporting catalog];DID CS.102 / 295E [Supporting catalog];DID CS.102 / F111 [Supporting catalog];DID CS.102 / F1C6 [Supporting catalog]	NEW-CERT-01;NEW-CERT-07;NEW-CERT-08;NEW-CERT-09;NEW-CERT-12;NEW-CERT-13;NEW-REV-01;NEW-REV-02;NEW-REV-L3 NEW-REV-L2 NEW-REV-L1 NEW-REV-L0;NEW-REV-L3 NEW-REV-L2 NEW-REV-L1 NEW-REV-L0 NEW-REV-03;NEW-REV-L3 NEW-REV-L2 NEW-REV-L1 NEW-REV-L0 NEW-REV-04	samCertTestNormalFlow	Test / Log Observation	NRL-349393	1	Cert Val CS.98	N		N	VC;APK:samCertTestNormalFlow;CS98:2;CS98:3;CS98:6;CS98:9;CS98:10;CS98:11;CERTPROFILE:algorithm/validity（r5,r12,r20-r22,r44）	Y/Y	有外部可執行素材：APK、CS98
swe1_037_certprovider_v1_0	CertProvider	19	SWE1-CertProvider-011	N	Verification of Project-Specific Critical Extension	SYSAD_COMP_CP_CORE	SYSAD_COMP_CP_CORE	exact	SYS-RA-CS00094-014;SYS-RA-CS00094-023;SYS-RA-CS00158-018;SYS-RA-CS00158-019;SYS-RA-CS00158-036;SYS-RA-CS00183-020;SYS-RA-CS00183-024;SYS-RA-SD00126-010;SYS-RA-SD00126-012;SYS-RA-SD00126-013;SYS-RA-SD00126-015;SYS-RA-SD00126-016;SYS-RA-SD00126-017;SYS-RA-SD00126-018;SYS-RA-SD00126-020;SYS-RA-SD00126-021;SYS-RA-SD00126-022;SYS-RA-SD00126-023	SYS-RA-SEC-380;SYS-RA-SEC-381;SYS-RA-SEC-383;SYS-RA-SEC-384;SYS-RA-SEC-385;SYS-RA-SEC-459;SYS-RA-SEC-460;SYS-RA-SEC-461;SYS-RA-SEC-529;SYS-RA-SEC-530;SYS-RA-SEC-531;SYS-RA-SEC-532	NRL-134565;NRL-134566;NRL-134568;NRL-134569;NRL-134570;NRL-134644;NRL-134645;NRL-134646;NRL-134714;NRL-134715;NRL-134716;NRL-134717	Functional Requirement	Accepted	Accepted	No existing test mapped;Partial / conditional test link	Cert Val CS.98 / 1 [Partial];Cert Val CS.98 / 2 [Conditional];Cert Val CS.98 / 2 [Partial];Cert Val CS.98 / 5 [Conditional];Cert Val CS.98 / 5 [Partial];Cert Val CS.98 / 6 [Conditional];Cert Val CS.98 / 6 [Partial];Cert Val CS.98 / 7 [Conditional];Cert Val CS.98 / 7 [Partial];Cert Val CS.98 / 8 [Conditional];Cert Val CS.98 / 8 [Partial];Cyber DIDs R&P-CS.102 / 2031 [Supporting catalog];Cyber DIDs R&P-CS.102 / 295D [Supporting catalog];Cyber DIDs R&P-CS.102 / 295E [Supporting catalog];Cyber DIDs R&P-CS.102 / F111 [Supporting catalog];Cyber DIDs R&P-CS.102 / F1C6 [Supporting catalog];DID CS.102 / 2031 [Supporting catalog];DID CS.102 / 295D [Supporting catalog];DID CS.102 / 295E [Supporting catalog];DID CS.102 / F111 [Supporting catalog];DID CS.102 / F1C6 [Supporting catalog]	NEW-CERT-01;NEW-CERT-07;NEW-CERT-08;NEW-CERT-09;NEW-CERT-12;NEW-CERT-13;NEW-REV-01;NEW-REV-02;NEW-REV-L3 NEW-REV-L2 NEW-REV-L1 NEW-REV-L0;NEW-REV-L3 NEW-REV-L2 NEW-REV-L1 NEW-REV-L0 NEW-REV-03;NEW-REV-L3 NEW-REV-L2 NEW-REV-L1 NEW-REV-L0 NEW-REV-04	samCertTestNormalFlow	Test / Log Observation	NRL-349394	1	Cert Val CS.98	N		N	VC;APK:samCertTestNormalFlow;CS98:2;CS98:3;CS98:6;CS98:9;CS98:10;CS98:11;CERTPROFILE:CertificatePolicies OID（r36，尾碼佔位）	Y/N	有外部可執行素材：APK、CS98；負向分支 N —— DUT 側無觸發手段（R-SEC15(b)，SEC-03 §3）
swe1_037_keyinstall_v1_0	KeyInstall	9	SWE1-KeyInsyall-001	N	Default Key Provisioning for LogDog	SYSAD_COMP_KI_SERVICE, SYSAD_COMP_KI_CRYPTO_LIB	SYSAD_COMP_KI_SERVICE;SYSAD_COMP_KI_CRYPTO_LIB	exact	SYS-RA-SD00015-006;SYS-RA-SD00015-007;SYS-RA-SD00015-01	SYS-RA-SEC-343;SYS-RA-SEC-506;SYS-RA-SEC-507;SYS-RA-SEC-508;SYS-RA-SEC-509;SYS-RA-SEC-510;SYS-RA-SEC-511;SYS-RA-SEC-512;SYS-RA-SEC-513;SYS-RA-SEC-514;SYS-RA-SEC-544;SYS-RA-SEC-588;SYS-RA-SEC-683	NRL-134528;NRL-134691;NRL-134692;NRL-134693;NRL-134694;NRL-134695;NRL-134696;NRL-134697;NRL-134698;NRL-134699;NRL-134729;NRL-134773;NRL-134868	Functional Requirement;Non Functional Requirement	Accepted	Accepted	No existing test mapped;Partial / conditional test link;Reference / information	Cert Val CS.98 / 1 [Partial];Cert Val CS.98 / 10 [Partial];Cert Val CS.98 / 9 [Conditional]	NEW-CERT-18;NEW-CRYPTO-01	samCertTestNormalFlow	Test / Log Observation	-	1	Cert Val CS.98	N		N	VC;APK:samCertTestNormalFlow;CS98:2;CS98:13;CS98:12	Y/Y	有外部可執行素材：APK、CS98
swe1_037_keyinstall_v1_0	KeyInstall	10	SWE1-KeyInsyall-002	N	Key Verification and Cleanup during Installation	SYSAD_COMP_KI_DAEMON, SYSAD_COMP_KI_STORAGE	SYSAD_COMP_KI_DAEMON;SYSAD_COMP_KI_STORAGE	exact		SYS-RA-SEC-343;SYS-RA-SEC-506;SYS-RA-SEC-507;SYS-RA-SEC-508;SYS-RA-SEC-509;SYS-RA-SEC-510;SYS-RA-SEC-511;SYS-RA-SEC-512;SYS-RA-SEC-513;SYS-RA-SEC-514;SYS-RA-SEC-544;SYS-RA-SEC-588;SYS-RA-SEC-683	NRL-134528;NRL-134691;NRL-134692;NRL-134693;NRL-134694;NRL-134695;NRL-134696;NRL-134697;NRL-134698;NRL-134699;NRL-134729;NRL-134773;NRL-134868	Functional Requirement;Non Functional Requirement	Accepted	Accepted	No existing test mapped;Partial / conditional test link;Reference / information	Cert Val CS.98 / 1 [Partial];Cert Val CS.98 / 10 [Partial];Cert Val CS.98 / 9 [Conditional]	NEW-CERT-18;NEW-CRYPTO-01	samCertTestNormalFlow	Test / Log Observation	-	1	Cert Val CS.98	N		N	VC;APK:samCertTestNormalFlow;CS98:2;CS98:13;CS98:12	Y/Y	有外部可執行素材：APK、CS98
swe1_037_keyinstall_v1_0	KeyInstall	11	SWE1-KeyInsyall-003	N	Prevention of Non-Platform Specific Key Installation	SYSAD_COMP_KI_DAEMON	SYSAD_COMP_KI_DAEMON	exact		SYS-RA-SEC-343;SYS-RA-SEC-506;SYS-RA-SEC-507;SYS-RA-SEC-508;SYS-RA-SEC-509;SYS-RA-SEC-510;SYS-RA-SEC-511;SYS-RA-SEC-512;SYS-RA-SEC-513;SYS-RA-SEC-514;SYS-RA-SEC-544;SYS-RA-SEC-588;SYS-RA-SEC-683	NRL-134528;NRL-134691;NRL-134692;NRL-134693;NRL-134694;NRL-134695;NRL-134696;NRL-134697;NRL-134698;NRL-134699;NRL-134729;NRL-134773;NRL-134868	Functional Requirement;Non Functional Requirement	Accepted	Accepted	No existing test mapped;Partial / conditional test link;Reference / information	Cert Val CS.98 / 1 [Partial];Cert Val CS.98 / 10 [Partial];Cert Val CS.98 / 9 [Conditional]	NEW-CERT-18;NEW-CRYPTO-01	samCertTestNormalFlow	Test / Log Observation	-	1	Cert Val CS.98	N		N	VC;APK:samCertTestNormalFlow;CS98:2;CS98:13;CS98:12	Y/Y	有外部可執行素材：APK、CS98
swe1_037_keyinstall_v1_0	KeyInstall	12	SWE1-KeyInsyall-004	N	Re-attempt of Key Installation after Failure	SYSAD_COMP_KI_DAEMON	SYSAD_COMP_KI_DAEMON	exact		SYS-RA-SEC-343;SYS-RA-SEC-506;SYS-RA-SEC-507;SYS-RA-SEC-508;SYS-RA-SEC-509;SYS-RA-SEC-510;SYS-RA-SEC-511;SYS-RA-SEC-512;SYS-RA-SEC-513;SYS-RA-SEC-514;SYS-RA-SEC-544;SYS-RA-SEC-588;SYS-RA-SEC-683	NRL-134528;NRL-134691;NRL-134692;NRL-134693;NRL-134694;NRL-134695;NRL-134696;NRL-134697;NRL-134698;NRL-134699;NRL-134729;NRL-134773;NRL-134868	Functional Requirement;Non Functional Requirement	Accepted	Accepted	No existing test mapped;Partial / conditional test link;Reference / information	Cert Val CS.98 / 1 [Partial];Cert Val CS.98 / 10 [Partial];Cert Val CS.98 / 9 [Conditional]	NEW-CERT-18;NEW-CRYPTO-01	samCertTestNormalFlow	Test / Log Observation	-	1	Cert Val CS.98	N		N	VC;APK:samCertTestNormalFlow;CS98:2;CS98:13;CS98:12	Y/Y	有外部可執行素材：APK、CS98
swe1_037_keyinstall_v1_0	KeyInstall	13	SWE1-KeyInsyall-005	N	Prevention of Key Overwriting	SYSAD_COMP_KI_DAEMON	SYSAD_COMP_KI_DAEMON	exact		SYS-RA-SEC-343;SYS-RA-SEC-506;SYS-RA-SEC-507;SYS-RA-SEC-508;SYS-RA-SEC-509;SYS-RA-SEC-510;SYS-RA-SEC-511;SYS-RA-SEC-512;SYS-RA-SEC-513;SYS-RA-SEC-514;SYS-RA-SEC-544;SYS-RA-SEC-588;SYS-RA-SEC-683	NRL-134528;NRL-134691;NRL-134692;NRL-134693;NRL-134694;NRL-134695;NRL-134696;NRL-134697;NRL-134698;NRL-134699;NRL-134729;NRL-134773;NRL-134868	Functional Requirement;Non Functional Requirement	Accepted	Accepted	No existing test mapped;Partial / conditional test link;Reference / information	Cert Val CS.98 / 1 [Partial];Cert Val CS.98 / 10 [Partial];Cert Val CS.98 / 9 [Conditional]	NEW-CERT-18;NEW-CRYPTO-01	samCertTestNormalFlow	Test / Log Observation	-	1	Cert Val CS.98	N		N	VC;APK:samCertTestNormalFlow;CS98:2;CS98:13;CS98:12	Y/Y	有外部可執行素材：APK、CS98
swe1_037_keyinstall_v1_0	KeyInstall	14	SWE1-KeyInsyall-006	N	Storage of Key Installation Status	SYSAD_COMP_KI_DAEMON, SYSAD_COMP_KI_STORAGE	SYSAD_COMP_KI_DAEMON;SYSAD_COMP_KI_STORAGE	exact		SYS-RA-SEC-343;SYS-RA-SEC-506;SYS-RA-SEC-507;SYS-RA-SEC-508;SYS-RA-SEC-509;SYS-RA-SEC-510;SYS-RA-SEC-511;SYS-RA-SEC-512;SYS-RA-SEC-513;SYS-RA-SEC-514;SYS-RA-SEC-544;SYS-RA-SEC-588;SYS-RA-SEC-683	NRL-134528;NRL-134691;NRL-134692;NRL-134693;NRL-134694;NRL-134695;NRL-134696;NRL-134697;NRL-134698;NRL-134699;NRL-134729;NRL-134773;NRL-134868	Functional Requirement;Non Functional Requirement	Accepted	Accepted	No existing test mapped;Partial / conditional test link;Reference / information	Cert Val CS.98 / 1 [Partial];Cert Val CS.98 / 10 [Partial];Cert Val CS.98 / 9 [Conditional]	NEW-CERT-18;NEW-CRYPTO-01	samCertTestNormalFlow	Test / Log Observation	-	1	Cert Val CS.98	N		N	VC;APK:samCertTestNormalFlow;CS98:2;CS98:13;CS98:12	Y/Y	有外部可執行素材：APK、CS98
swe1_037_keyinstall_v1_0	KeyInstall	15	SWE1-KeyInsyall-007	N	Key Importation from External Storage	SYSAD_COMP_KI_DAEMON, SYSAD_IF_KI_MGMT_HAL, SYSAD_COMP_KI_HAL	SYSAD_COMP_KI_DAEMON;SYSAD_IF_KI_MGMT_HAL;SYSAD_COMP_KI_HAL	exact		SYS-RA-SEC-292;SYS-RA-SEC-293;SYS-RA-SEC-294;SYS-RA-SEC-295;SYS-RA-SEC-343;SYS-RA-SEC-506;SYS-RA-SEC-507;SYS-RA-SEC-508;SYS-RA-SEC-509;SYS-RA-SEC-510;SYS-RA-SEC-511;SYS-RA-SEC-512;SYS-RA-SEC-513;SYS-RA-SEC-514;SYS-RA-SEC-544;SYS-RA-SEC-588;SYS-RA-SEC-683	NRL-134477;NRL-134478;NRL-134479;NRL-134480;NRL-134528;NRL-134691;NRL-134692;NRL-134693;NRL-134694;NRL-134695;NRL-134696;NRL-134697;NRL-134698;NRL-134699;NRL-134729;NRL-134773;NRL-134868	Functional Requirement;Non Functional Requirement	Accepted	Accepted	Direct test link;No existing test mapped;Partial / conditional test link;Reference / information	Auth-Boot CS.93 / 1 [Partial];Auth-Boot CS.93 / 3 [Direct];Cert Val CS.98 / 1 [Partial];Cert Val CS.98 / 10 [Partial];Cert Val CS.98 / 9 [Conditional]	NEW-BOOT-02;NEW-CERT-18;NEW-CRYPTO-01	samCertTestNormalFlow	Test / Log Observation	-	1	Auth-Boot CS.93、Cert Val CS.98	N		N	VC;APK:samCertTestNormalFlow;CS98:2;CS98:13;CS98:12	Y/Y	有外部可執行素材：APK、CS98
swe1_037_keyinstall_v1_0	KeyInstall	16	SWE1-KeyInsyall-008	N	Key Persistence and Upgrade Compatibility	SYSAD_IF_KI_MGMT_HAL, SYSAD_COMP_KI_STORAGE	SYSAD_IF_KI_MGMT_HAL;SYSAD_COMP_KI_STORAGE	exact		SYS-RA-SEC-292;SYS-RA-SEC-343;SYS-RA-SEC-506;SYS-RA-SEC-507;SYS-RA-SEC-508;SYS-RA-SEC-509;SYS-RA-SEC-510;SYS-RA-SEC-511;SYS-RA-SEC-512;SYS-RA-SEC-513;SYS-RA-SEC-514;SYS-RA-SEC-544;SYS-RA-SEC-588;SYS-RA-SEC-683	NRL-134477;NRL-134528;NRL-134691;NRL-134692;NRL-134693;NRL-134694;NRL-134695;NRL-134696;NRL-134697;NRL-134698;NRL-134699;NRL-134729;NRL-134773;NRL-134868	Functional Requirement;Non Functional Requirement	Accepted	Accepted	No existing test mapped;Partial / conditional test link;Reference / information	Cert Val CS.98 / 1 [Partial];Cert Val CS.98 / 10 [Partial];Cert Val CS.98 / 9 [Conditional]	NEW-CERT-18;NEW-CRYPTO-01	samCertTestNormalFlow	Test / Log Observation	-	1	Cert Val CS.98	N		N	VC;APK:samCertTestNormalFlow;CS98:2;CS98:13;CS98:12	Y/Y	有外部可執行素材：APK、CS98
swe1_037_keyinstall_v1_0	KeyInstall	17	SWE1-KeyInsyall-009	N	Cryptographic Service Interface	SYSAD_IF_KI_CRYPTO_OP ⏎ SYSAD_IF_KI_NATIVE_OP ⏎ SYSAD_COMP_KI_SERVICE ⏎ SYSAD_COMP_KI_CRYPTO_LIB	SYSAD_IF_KI_CRYPTO_OP;SYSAD_IF_KI_NATIVE_OP;SYSAD_COMP_KI_SERVICE;SYSAD_COMP_KI_CRYPTO_LIB	exact	SYS-RA-SD00015-006;SYS-RA-SD00015-007;SYS-RA-SD00015-01	SYS-RA-SEC-343;SYS-RA-SEC-506;SYS-RA-SEC-507;SYS-RA-SEC-508;SYS-RA-SEC-509;SYS-RA-SEC-510;SYS-RA-SEC-511;SYS-RA-SEC-512;SYS-RA-SEC-513;SYS-RA-SEC-514;SYS-RA-SEC-544;SYS-RA-SEC-588;SYS-RA-SEC-683	NRL-134528;NRL-134691;NRL-134692;NRL-134693;NRL-134694;NRL-134695;NRL-134696;NRL-134697;NRL-134698;NRL-134699;NRL-134729;NRL-134773;NRL-134868	Functional Requirement;Non Functional Requirement	Accepted	Accepted	No existing test mapped;Partial / conditional test link;Reference / information	Cert Val CS.98 / 1 [Partial];Cert Val CS.98 / 10 [Partial];Cert Val CS.98 / 9 [Conditional]	NEW-CERT-18;NEW-CRYPTO-01	samCertTestNormalFlow	Test / Log Observation	-	1	Cert Val CS.98	N		N	VC;APK:samCertTestNormalFlow;CS98:2;CS98:13;CS98:12;SYSAD:keyinstall_vd:T19;SYSAD:keyinstall_vd:T20	Y/Y	有外部可執行素材：APK、CS98
swe1_037_keyinstall_v1_0	KeyInstall	18	SWE1-KeyInsyall-010	N	Access Control and Client Whitelisting	SYSAD_COMP_KI_SERVICE, SYSAD_COMP_KI_CRYPTO_LIB	SYSAD_COMP_KI_SERVICE;SYSAD_COMP_KI_CRYPTO_LIB	exact	SYS-RA-SD00015-006;SYS-RA-SD00015-007;SYS-RA-SD00015-01	SYS-RA-SEC-343;SYS-RA-SEC-506;SYS-RA-SEC-507;SYS-RA-SEC-508;SYS-RA-SEC-509;SYS-RA-SEC-510;SYS-RA-SEC-511;SYS-RA-SEC-512;SYS-RA-SEC-513;SYS-RA-SEC-514;SYS-RA-SEC-544;SYS-RA-SEC-588;SYS-RA-SEC-683	NRL-134528;NRL-134691;NRL-134692;NRL-134693;NRL-134694;NRL-134695;NRL-134696;NRL-134697;NRL-134698;NRL-134699;NRL-134729;NRL-134773;NRL-134868	Functional Requirement;Non Functional Requirement	Accepted	Accepted	No existing test mapped;Partial / conditional test link;Reference / information	Cert Val CS.98 / 1 [Partial];Cert Val CS.98 / 10 [Partial];Cert Val CS.98 / 9 [Conditional]	NEW-CERT-18;NEW-CRYPTO-01	samCertTestNormalFlow	Test / Log Observation	-	1	Cert Val CS.98、Secure Log CS.212	Y	6.1. THEN the system must REFUSE the request and log a security violation.	N	VC;APK:samCertTestNormalFlow;CS98:2;CS98:13;CS98:12	Y/Y	有外部可執行素材：APK、CS98
swe1_037_keyinstall_v1_0	KeyInstall	19	SWE1-KeyInsyall-011	N	Key Installation Status Query Interface	SYSAD_IF_KI_DIAG_STATUS ⏎ SYSAD_COMP_KI_SERVICE ⏎ SYSAD_COMP_KI_DAEMON	SYSAD_IF_KI_DIAG_STATUS;SYSAD_COMP_KI_SERVICE;SYSAD_COMP_KI_DAEMON	exact	SYS-RA-SD00015-006;SYS-RA-SD00015-007;SYS-RA-SD00015-01	SYS-RA-SEC-343;SYS-RA-SEC-506;SYS-RA-SEC-507;SYS-RA-SEC-508;SYS-RA-SEC-509;SYS-RA-SEC-510;SYS-RA-SEC-511;SYS-RA-SEC-512;SYS-RA-SEC-513;SYS-RA-SEC-514;SYS-RA-SEC-544;SYS-RA-SEC-588;SYS-RA-SEC-683	NRL-134528;NRL-134691;NRL-134692;NRL-134693;NRL-134694;NRL-134695;NRL-134696;NRL-134697;NRL-134698;NRL-134699;NRL-134729;NRL-134773;NRL-134868	Functional Requirement;Non Functional Requirement	Accepted	Accepted	No existing test mapped;Partial / conditional test link;Reference / information	Cert Val CS.98 / 1 [Partial];Cert Val CS.98 / 10 [Partial];Cert Val CS.98 / 9 [Conditional]	NEW-CERT-18;NEW-CRYPTO-01	samCertTestNormalFlow	Test / Log Observation	-	1	Cert Val CS.98	N		N	VC;APK:samCertTestNormalFlow;CS98:2;CS98:13;CS98:12;SYSAD:keyinstall_vd:T21	Y/Y	有外部可執行素材：APK、CS98
swe1_037_keyinstall_v1_0	KeyInstall	20	SWE1-KeyInsyall-012	N	KeyInstall Software Development and Security Compliance	SYSAD_COMP_KI_SERVICE, SYSAD_COMP_KI_DAEMON	SYSAD_COMP_KI_SERVICE;SYSAD_COMP_KI_DAEMON	exact	SYS-RA-SD00015-006;SYS-RA-SD00015-007;SYS-RA-SD00015-01	SYS-RA-SEC-343;SYS-RA-SEC-506;SYS-RA-SEC-507;SYS-RA-SEC-508;SYS-RA-SEC-509;SYS-RA-SEC-510;SYS-RA-SEC-511;SYS-RA-SEC-512;SYS-RA-SEC-513;SYS-RA-SEC-514;SYS-RA-SEC-544;SYS-RA-SEC-588;SYS-RA-SEC-683	NRL-134528;NRL-134691;NRL-134692;NRL-134693;NRL-134694;NRL-134695;NRL-134696;NRL-134697;NRL-134698;NRL-134699;NRL-134729;NRL-134773;NRL-134868	Functional Requirement;Non Functional Requirement	Accepted	Accepted	No existing test mapped;Partial / conditional test link;Reference / information	Cert Val CS.98 / 1 [Partial];Cert Val CS.98 / 10 [Partial];Cert Val CS.98 / 9 [Conditional]	NEW-CERT-18;NEW-CRYPTO-01	samCertTestNormalFlow	Document Review / Static Analysis / Log Observation	-	1	Cert Val CS.98、Secure Log CS.212	Y	- THEN no SELinux denial logs (avc: denied) related to KeyInstall should be present.	N	VC;APK:samCertTestNormalFlow;CS98:2;CS98:13;CS98:12	Y/Y	有外部可執行素材：APK、CS98
swe1_037_keyinstall_v1_0	KeyInstall	21	SWE1-KeyInsyall-013	N	KeyInstall Operating Environment and Performance Targets	SYSAD_COMP_KI_SERVICE, SYSAD_COMP_KI_DAEMON	SYSAD_COMP_KI_SERVICE;SYSAD_COMP_KI_DAEMON	exact	SYS-RA-SD00015-006;SYS-RA-SD00015-007;SYS-RA-SD00015-01	SYS-RA-SEC-343;SYS-RA-SEC-506;SYS-RA-SEC-507;SYS-RA-SEC-508;SYS-RA-SEC-509;SYS-RA-SEC-510;SYS-RA-SEC-511;SYS-RA-SEC-512;SYS-RA-SEC-513;SYS-RA-SEC-514;SYS-RA-SEC-544;SYS-RA-SEC-588;SYS-RA-SEC-683	NRL-134528;NRL-134691;NRL-134692;NRL-134693;NRL-134694;NRL-134695;NRL-134696;NRL-134697;NRL-134698;NRL-134699;NRL-134729;NRL-134773;NRL-134868	Functional Requirement;Non Functional Requirement	Accepted	Accepted	No existing test mapped;Partial / conditional test link;Reference / information	Cert Val CS.98 / 1 [Partial];Cert Val CS.98 / 10 [Partial];Cert Val CS.98 / 9 [Conditional]	NEW-CERT-18;NEW-CRYPTO-01	samCertTestNormalFlow	Test / Inspection	-	1	Cert Val CS.98	N		N	VC;APK:samCertTestNormalFlow;CS98:2;CS98:13;CS98:12	Y/Y	有外部可執行素材：APK、CS98
swe1_037_sam_v1_1	SAM	9	SWE1-SAM-0001	N	DebugAuth is under Android 14 environment	SYSAD_SAM_SYSTEM ⏎ SYSAD_SAM_SYSTEM_COMP	SYSAD_SAM_SYSTEM;SYSAD_SAM_SYSTEM_COMP	exact		SYS-RA-SEC-182;SYS-RA-SEC-198;SYS-RA-SEC-199	NRL-134367;NRL-134383;NRL-134384	Functional Requirement	Accepted	Accepted	No existing test mapped;Partial / conditional test link	Auth-Prog CS.93 / 10 [Partial]	NEW-OS-01		Peer Review	-	1	Auth-Prog CS.93	N		N	VC	N/N	VC 受詞為 source code／build environment，無外部入口
swe1_037_sam_v1_1	SAM	10	SWE1-SAM-0002	N	DebugAuth should be a native layer daemon service	SYSAD_SAM_SYSTEM ⏎ SYSAD_SAM_SYSTEM_COMP	SYSAD_SAM_SYSTEM;SYSAD_SAM_SYSTEM_COMP	exact		SYS-RA-SEC-182;SYS-RA-SEC-198;SYS-RA-SEC-199	NRL-134367;NRL-134383;NRL-134384	Functional Requirement	Accepted	Accepted	No existing test mapped;Partial / conditional test link	Auth-Prog CS.93 / 10 [Partial]	NEW-OS-01		Testing	-	1	Auth-Prog CS.93	N		N	VC	N/N	VC 無具體指令／路徑／值，且無外部素材
swe1_037_sam_v1_1	SAM	11	SWE1-SAM-0003	N	DebugAuth shall support receiving AuthData from USB external memory	SYSAD_SAM_VERIFY_SAM_PACKAGE ⏎ SYSAD_SAM_VERIFY_SAM_PACKAGE_COMP	SYSAD_SAM_VERIFY_SAM_PACKAGE;SYSAD_SAM_VERIFY_SAM_PACKAGE_COMP	exact		SYS-RA-SEC-181;SYS-RA-SEC-184;SYS-RA-SEC-185;SYS-RA-SEC-186	NRL-134366;NRL-134369;NRL-134370;NRL-134371	Functional Requirement	Accepted	Accepted	No existing test mapped				Testing	-	2		N		N	VC	部分/部分	VC 含具體指令／路徑／值，惟無外部素材補齊全部步驟
swe1_037_sam_v1_1	SAM	12	SWE1-SAM-0004	N	DebugAuth shall log an error via logdog and keep the state of all target functions when verification of AuthData from external memory failed	SYSAD_SAM_VERIFY_SAM_PACKAGE ⏎ SYSAD_SAM_VERIFY_SAM_PACKAGE_COMP	SYSAD_SAM_VERIFY_SAM_PACKAGE;SYSAD_SAM_VERIFY_SAM_PACKAGE_COMP	exact		SYS-RA-SEC-181;SYS-RA-SEC-184;SYS-RA-SEC-185;SYS-RA-SEC-186	NRL-134366;NRL-134369;NRL-134370;NRL-134371	Functional Requirement	Accepted	Accepted	No existing test mapped				Testing	-	1	Secure Log CS.212	Y	3.1. THEN DebugAuth logs an error via logdog, which corresponds to fail reason	N	VC	N/N	VC 無具體指令／路徑／值，且無外部素材
swe1_037_sam_v1_1	SAM	13	SWE1-SAM-0005	N	DebugAuth shall verify the AuthData	SYSAD_SAM_VERIFY_SAM_PACKAGE ⏎ SYSAD_SAM_VERIFY_SAM_PACKAGE_COMP ⏎ SYSAD_SAM_PACKAGE_INTF	SYSAD_SAM_VERIFY_SAM_PACKAGE;SYSAD_SAM_VERIFY_SAM_PACKAGE_COMP;SYSAD_SAM_PACKAGE_INTF	exact		SYS-RA-SEC-181;SYS-RA-SEC-184;SYS-RA-SEC-185;SYS-RA-SEC-186	NRL-134366;NRL-134369;NRL-134370;NRL-134371	Functional Requirement	Accepted	Accepted	No existing test mapped				Testing	-	2		N		N	VC;SYSAD:sam_a02:T25	N/N	VC 無具體指令／路徑／值，且無外部素材
swe1_037_sam_v1_1	SAM	14	SWE1-SAM-0006	N	"DebugAuth shall match the device serial number with ""ECUId"""	SYSAD_SAM_VERIFY_SAM_PACKAGE ⏎ SYSAD_SAM_VERIFY_SAM_PACKAGE_COMP ⏎ SYSAD_SAM_PACKAGE_INTF	SYSAD_SAM_VERIFY_SAM_PACKAGE;SYSAD_SAM_VERIFY_SAM_PACKAGE_COMP;SYSAD_SAM_PACKAGE_INTF	exact		SYS-RA-SEC-181;SYS-RA-SEC-184;SYS-RA-SEC-185;SYS-RA-SEC-186	NRL-134366;NRL-134369;NRL-134370;NRL-134371	Functional Requirement	Accepted	Accepted	No existing test mapped				Testing	-	2		N		N	VC;SYSAD:sam_a02:T25	N/N	VC 無具體指令／路徑／值，且無外部素材
swe1_037_sam_v1_1	SAM	15	SWE1-SAM-0007	N	DebugAuth shall verify certificate	SYSAD_SAM_VERIFY_SAM_PACKAGE ⏎ SYSAD_SAM_VERIFY_SAM_PACKAGE_COMP ⏎ SYSAD_SAM_PACKAGE_INTF	SYSAD_SAM_VERIFY_SAM_PACKAGE;SYSAD_SAM_VERIFY_SAM_PACKAGE_COMP;SYSAD_SAM_PACKAGE_INTF	exact		SYS-RA-SEC-181;SYS-RA-SEC-184;SYS-RA-SEC-185;SYS-RA-SEC-186	NRL-134366;NRL-134369;NRL-134370;NRL-134371	Functional Requirement	Accepted	Accepted	No existing test mapped				Testing	-	1	Cert Val CS.98	N		Y	VC;SYSAD:sam_a02:T25;REF:DR-SEC-q(037/CS165 原文粒度)	N/N	VC 無具體指令／路徑／值，且無外部素材
swe1_037_sam_v1_1	SAM	16	SWE1-SAM-0008	N	Format of AuthData should follow SAM package definition in System design	SYSAD_SAM_VERIFY_SAM_PACKAGE ⏎ SYSAD_SAM_VERIFY_SAM_PACKAGE_COMP ⏎ SYSAD_SAM_PACKAGE_INTF	SYSAD_SAM_VERIFY_SAM_PACKAGE;SYSAD_SAM_VERIFY_SAM_PACKAGE_COMP;SYSAD_SAM_PACKAGE_INTF	exact		SYS-RA-SEC-181;SYS-RA-SEC-184;SYS-RA-SEC-185;SYS-RA-SEC-186	NRL-134366;NRL-134369;NRL-134370;NRL-134371	Functional Requirement	Accepted	Accepted	No existing test mapped				Peer Review	-	2		N		N	VC;SYSAD:sam_a02:T25	N/N	VC 受詞為 source code／build environment，無外部入口
swe1_037_sam_v1_1	SAM	17	SWE1-SAM-0009	N	"DebugAuth shall save AuthData into secure non-volatile memory from internal RAM when ""Install"" option is true"	SYSAD_SAM_DETERMINE_SAM ⏎ SYSAD_SAM_DETERMINE_SAM_COMP	SYSAD_SAM_DETERMINE_SAM;SYSAD_SAM_DETERMINE_SAM_COMP	exact		SYS-RA-SEC-187;SYS-RA-SEC-188;SYS-RA-SEC-189	NRL-134372;NRL-134373;NRL-134374	Functional Requirement			No existing test mapped				Testing	-	2		N		N	VC	部分/部分	VC 含具體指令／路徑／值，惟無外部素材補齊全部步驟
swe1_037_sam_v1_1	SAM	18	SWE1-SAM-0010	N	"DebugAuth shall accept AuthData with ""TimeStamp"" value greater than previous one"	SYSAD_SAM_DETERMINE_SAM ⏎ SYSAD_SAM_DETERMINE_SAM_COMP	SYSAD_SAM_DETERMINE_SAM;SYSAD_SAM_DETERMINE_SAM_COMP	exact		SYS-RA-SEC-187;SYS-RA-SEC-188;SYS-RA-SEC-189	NRL-134372;NRL-134373;NRL-134374	Functional Requirement			No existing test mapped				Testing	-	2		N		N	VC	部分/部分	VC 含具體指令／路徑／值，惟無外部素材補齊全部步驟
swe1_037_sam_v1_1	SAM	19	SWE1-SAM-0011	N	DebugAuth shall remove stored AuthData when verification of it failed	SYSAD_SAM_UNINSTALL_SAM ⏎ SYSAD_SAM_UNINSTALL_SAM_COMP	SYSAD_SAM_UNINSTALL_SAM;SYSAD_SAM_UNINSTALL_SAM_COMP	exact		SYS-RA-SEC-183	NRL-134368	Functional Requirement			No existing test mapped				Testing	-	2		N		N	VC	部分/部分	VC 含具體指令／路徑／值，惟無外部素材補齊全部步驟
swe1_037_sam_v1_1	SAM	20	SWE1-SAM-0012	N	DebugAuth shall use AuthData until number of boot exceeds “ValidityCounter”	SYSAD_SAM_DECREMENT_COUNTER ⏎ SYSAD_SAM_DECREMENT_COUNTER_COMP	SYSAD_SAM_DECREMENT_COUNTER;SYSAD_SAM_DECREMENT_COUNTER_COMP	exact		SYS-RA-SEC-201	NRL-134386	Functional Requirement	Accepted	Accepted	No existing test mapped				Testing	-	2		N		N	VC	N/N	VC 無具體指令／路徑／值，且無外部素材
swe1_037_sam_v1_1	SAM	21	SWE1-SAM-0013	N	DebugAuth shall notify disabling to all target functions when boot or resume from suspend	SYSAD_SAM_GIVE_PERMISSION ⏎ SYSAD_SAM_GIVE_PERMISSION_COMP	SYSAD_SAM_GIVE_PERMISSION;SYSAD_SAM_GIVE_PERMISSION_COMP	exact		SYS-RA-SEC-200	NRL-134385	Functional Requirement	Accepted	Accepted	No existing test mapped				Testing	-	2		N		N	VC	N/N	VC 無具體指令／路徑／值，且無外部素材
swe1_037_sam_v1_1	SAM	22	SWE1-SAM-0014	N	DebugAuth shall notify enabling feature when verification of AuthData succeed	SYSAD_SAM_GIVE_PERMISSION ⏎ SYSAD_SAM_GIVE_PERMISSION_COMP	SYSAD_SAM_GIVE_PERMISSION;SYSAD_SAM_GIVE_PERMISSION_COMP	exact		SYS-RA-SEC-200	NRL-134385	Functional Requirement	Accepted	Accepted	No existing test mapped				Testing	-	2		N		N	VC	N/N	VC 無具體指令／路徑／值，且無外部素材
swe1_037_sam_v1_1	SAM	23	SWE1-SAM-0015	N	DebugAuth shall include the sequence ID in the data notified to each target function	SYSAD_SAM_GIVE_PERMISSION ⏎ SYSAD_SAM_GIVE_PERMISSION_COMP	SYSAD_SAM_GIVE_PERMISSION;SYSAD_SAM_GIVE_PERMISSION_COMP	exact		SYS-RA-SEC-200	NRL-134385	Functional Requirement	Accepted	Accepted	No existing test mapped				Testing	-	1	Secure Log CS.212	Y	3.2. AND DebugAuth prints the log about sending message with sequence ID mentioned	N	VC	部分/部分	VC 含具體指令／路徑／值，惟無外部素材補齊全部步驟
swe1_037_sam_v1_1	SAM	24	SWE1-SAM-0016	N	DebugAuth shall notify current status on target function connection	SYSAD_SAM_GIVE_PERMISSION ⏎ SYSAD_SAM_GIVE_PERMISSION_COMP	SYSAD_SAM_GIVE_PERMISSION;SYSAD_SAM_GIVE_PERMISSION_COMP	exact		SYS-RA-SEC-200	NRL-134385	Functional Requirement	Accepted	Accepted	No existing test mapped				Testing	-	2		N		N	VC	N/N	VC 無具體指令／路徑／值，且無外部素材
swe1_037_sam_v1_1	SAM	25	SWE1-SAM-0017	N	DebugAuth shall set minimum number of the sequence ID on cold boot	SYSAD_SAM_GIVE_PERMISSION ⏎ SYSAD_SAM_GIVE_PERMISSION_COMP	SYSAD_SAM_GIVE_PERMISSION;SYSAD_SAM_GIVE_PERMISSION_COMP	exact		SYS-RA-SEC-200	NRL-134385	Functional Requirement	Accepted	Accepted	No existing test mapped					-	2		N		N	VC	部分/部分	VC 含具體指令／路徑／值，惟無外部素材補齊全部步驟
swe1_037_sam_v1_1	SAM	26	SWE1-SAM-0018	N	"Received AuthData files shall be stored in the ""data"" partition with restrictive permissions granted"	SYSAD_SAM_SYSTEM ⏎ SYSAD_SAM_SYSTEM_COMP	SYSAD_SAM_SYSTEM;SYSAD_SAM_SYSTEM_COMP	exact		SYS-RA-SEC-182;SYS-RA-SEC-198;SYS-RA-SEC-199	NRL-134367;NRL-134383;NRL-134384	Functional Requirement	Accepted	Accepted	No existing test mapped;Partial / conditional test link	Auth-Prog CS.93 / 10 [Partial]	NEW-OS-01		Testing	-	1	Auth-Prog CS.93	N		N	VC	部分/部分	VC 含具體指令／路徑／值，惟無外部素材補齊全部步驟
swe1_037_sam_v1_1	SAM	27	SWE1-SAM-0019	N	DebugAuth has following external interfaces: LogDog, Certprovider, BoringSSL, Json library, vehicle power	SYSAD_SAM_SYSTEM ⏎ SYSAD_SAM_SYSTEM_COMP	SYSAD_SAM_SYSTEM;SYSAD_SAM_SYSTEM_COMP	exact		SYS-RA-SEC-182;SYS-RA-SEC-198;SYS-RA-SEC-199	NRL-134367;NRL-134383;NRL-134384	Functional Requirement	Accepted	Accepted	No existing test mapped;Partial / conditional test link	Auth-Prog CS.93 / 10 [Partial]	NEW-OS-01		Peer Review	-	1	Auth-Prog CS.93	N		N	VC	N/N	VC 受詞為 source code／build environment，無外部入口
swe1_037_ecucert	ECUCert	9	SYSAD_SEC_ECUCERT_ECUCERT_API	Y	ECUCert 函式庫  ECUCert Library	SYSAD_SEC_ECUCERT_ECUCERT_API ⏎  ⏎ SYSAD_SEC_ECUCERT_ECUCERT ⏎  ⏎ SYSAD_SEC_ECUCERT_ECUCERT_COMP	SYSAD_SEC_ECUCERT_ECUCERT_API;SYSAD_SEC_ECUCERT_ECUCERT;SYSAD_SEC_ECUCERT_ECUCERT_COMP	exact		SYS-RA-SEC-554;SYS-RA-SEC-556;SYS-RA-SEC-557;SYS-RA-SEC-558;SYS-RA-SEC-559;SYS-RA-SEC-560;SYS-RA-SEC-561;SYS-RA-SEC-566;SYS-RA-SEC-567;SYS-RA-SEC-568;SYS-RA-SEC-569;SYS-RA-SEC-570;SYS-RA-SEC-571;SYS-RA-SEC-572;SYS-RA-SEC-573;SYS-RA-SEC-574;SYS-RA-SEC-576;SYS-RA-SEC-577;SYS-RA-SEC-659;SYS-RA-SEC-660	NRL-134739;NRL-134741;NRL-134742;NRL-134743;NRL-134744;NRL-134745;NRL-134746;NRL-134751;NRL-134752;NRL-134753;NRL-134754;NRL-134755;NRL-134756;NRL-134757;NRL-134758;NRL-134759;NRL-134761;NRL-134762;NRL-134844;NRL-134845	Functional Requirement	Accepted;Rejected	Accepted	No existing test mapped;Partial / conditional test link;Reference / information linked	Cyber DIDs R&P-CS.102 / 2969 [Supporting catalog];DID CS.102 / 2969 [Supporting catalog];DTC-CS.99 / CS.00165 [Supporting catalog reference];ECU ID CS.165 / 1 [Reference only];ECU ID CS.165 / 10 [Conditional];ECU ID CS.165 / 11 [Conditional];ECU ID CS.165 / 12 [Partial];ECU ID CS.165 / 13 [Conditional];ECU ID CS.165 / 2 [Partial];ECU ID CS.165 / 2 [Reference only];ECU ID CS.165 / 3 [Partial];ECU ID CS.165 / 3 [Reference only];ECU ID CS.165 / 4 [Partial];ECU ID CS.165 / 4 [Reference only];ECU ID CS.165 / 5 [Partial];ECU ID CS.165 / 5 [Reference only];ECU ID CS.165 / 6 [Partial];ECU ID CS.165 / 6 [Reference only];ECU ID CS.165 / 7 [Conditional];ECU ID CS.165 / 7 [Reference only];ECU ID CS.165 / 8 [Conditional];ECU ID CS.165 / 8 [Reference only];ECU ID CS.165 / 9 [Conditional];ECU ID CS.165 / 9 [Reference only]	NEW-CERT-06;NEW-ID-01;NEW-ID-02;NEW-ID-04;NEW-ID-05		Peer Review	-	1	ECU ID CS.165	N		N	VC;CS165:2;CS165:11;CS165:12;CS165:13;CS165:14;CS165:3;CS165:4;CS165:5;CS165:6;CS165:7;CS165:8;CS165:9;CS165:10;PDF:1-6;REF:DR-SEC-q(037/CS165 原文粒度)	Y/Y	有外部可執行素材：CS165、PDF
swe1_037_ecucert	ECUCert	10	SYSAD_SEC_ECUCERT_ECUCERT_SERVICE	Y	ECUCert 服務層  ECUCert Service	SYSAD_SEC_ECUCERT_ECUCERT_SERVICE ⏎  ⏎ SYSAD_SEC_ECUCERT_ECUCERT_SERVICE_COMP	SYSAD_SEC_ECUCERT_ECUCERT_SERVICE;SYSAD_SEC_ECUCERT_ECUCERT_SERVICE_COMP	exact		SYS-RA-SEC-553;SYS-RA-SEC-554;SYS-RA-SEC-555;SYS-RA-SEC-559;SYS-RA-SEC-562;SYS-RA-SEC-563;SYS-RA-SEC-564;SYS-RA-SEC-565;SYS-RA-SEC-566;SYS-RA-SEC-567;SYS-RA-SEC-568;SYS-RA-SEC-569;SYS-RA-SEC-570;SYS-RA-SEC-571;SYS-RA-SEC-572;SYS-RA-SEC-573;SYS-RA-SEC-574;SYS-RA-SEC-576;SYS-RA-SEC-577;SYS-RA-SEC-659;SYS-RA-SEC-660	NRL-134738;NRL-134739;NRL-134740;NRL-134744;NRL-134747;NRL-134748;NRL-134749;NRL-134750;NRL-134751;NRL-134752;NRL-134753;NRL-134754;NRL-134755;NRL-134756;NRL-134757;NRL-134758;NRL-134759;NRL-134761;NRL-134762;NRL-134844;NRL-134845	Functional Requirement	Accepted;Rejected	Accepted	No existing test mapped;Partial / conditional test link;Reference / information linked	Cyber DIDs R&P-CS.102 / 2965 [Supporting catalog];Cyber DIDs R&P-CS.102 / 2967 [Supporting catalog];Cyber DIDs R&P-CS.102 / 2969 [Supporting catalog];DID CS.102 / 2965 [Supporting catalog];DID CS.102 / 2967 [Supporting catalog];DID CS.102 / 2969 [Supporting catalog];DTC-CS.99 / CS.00165 [Supporting catalog reference];DTC-CS.99 / CS.00165 [Supporting catalog];ECU ID CS.165 / 1 [Partial];ECU ID CS.165 / 1 [Reference only];ECU ID CS.165 / 10 [Conditional];ECU ID CS.165 / 11 [Conditional];ECU ID CS.165 / 12 [Partial];ECU ID CS.165 / 13 [Conditional];ECU ID CS.165 / 14 [Conditional];ECU ID CS.165 / 2 [Partial];ECU ID CS.165 / 2 [Reference only];ECU ID CS.165 / 3 [Partial];ECU ID CS.165 / 3 [Reference only];ECU ID CS.165 / 4 [Partial];ECU ID CS.165 / 4 [Reference only];ECU ID CS.165 / 5 [Partial];ECU ID CS.165 / 5 [Reference only];ECU ID CS.165 / 6 [Partial];ECU ID CS.165 / 6 [Reference only];ECU ID CS.165 / 7 [Conditional];ECU ID CS.165 / 7 [Reference only];ECU ID CS.165 / 8 [Conditional];ECU ID CS.165 / 8 [Reference only];ECU ID CS.165 / 9 [Conditional];ECU ID CS.165 / 9 [Reference only]	NEW-CERT-06;NEW-ID-01;NEW-ID-02;NEW-ID-03;NEW-ID-04;NEW-ID-05		Peer Review : interact protocol	-	1	ECU ID CS.165	N		N	VC;CS165:2;CS165:11;CS165:12;CS165:13;CS165:14;CS165:3;CS165:4;CS165:5;CS165:6;CS165:7;CS165:8;CS165:9;CS165:10;PDF:1-6;REF:DR-SEC-q(037/CS165 原文粒度)	Y/Y	有外部可執行素材：CS165、PDF
swe1_037_ecucert	ECUCert	11	SYSAD_SEC_ECUCERT_ECUONLINE	Y	ECUCert 服務層 連線元件  ECUCert Online Service component	SYSAD_SEC_ECUCERT_ECUONLINE ⏎  ⏎ SYSAD_SEC_ECUCERT_ECUONLINE_COMP	SYSAD_SEC_ECUCERT_ECUONLINE;SYSAD_SEC_ECUCERT_ECUONLINE_COMP	exact		SYS-RA-SEC-553;SYS-RA-SEC-554;SYS-RA-SEC-555;SYS-RA-SEC-559;SYS-RA-SEC-566;SYS-RA-SEC-567;SYS-RA-SEC-568;SYS-RA-SEC-570;SYS-RA-SEC-571;SYS-RA-SEC-572;SYS-RA-SEC-573;SYS-RA-SEC-574;SYS-RA-SEC-575;SYS-RA-SEC-576;SYS-RA-SEC-577;SYS-RA-SEC-659;SYS-RA-SEC-660;SYS-RA-SEC-662	NRL-134738;NRL-134739;NRL-134740;NRL-134744;NRL-134751;NRL-134752;NRL-134753;NRL-134755;NRL-134756;NRL-134757;NRL-134758;NRL-134759;NRL-134760;NRL-134761;NRL-134762;NRL-134844;NRL-134845;NRL-134847	Functional Requirement	Accepted;Rejected	Accepted	No existing test mapped;Partial / conditional test link;Reference / information linked	Cyber DIDs R&P-CS.102 / 2969 [Supporting catalog];DID CS.102 / 2969 [Supporting catalog];DTC-CS.99 / CS.00165 [Supporting catalog reference];DTC-CS.99 / CS.00165 [Supporting catalog];DTC-CS.99 / SD.00125 [Supporting catalog reference];ECU ID CS.165 / 1 [Partial];ECU ID CS.165 / 1 [Reference only];ECU ID CS.165 / 10 [Conditional];ECU ID CS.165 / 11 [Conditional];ECU ID CS.165 / 12 [Partial];ECU ID CS.165 / 13 [Conditional];ECU ID CS.165 / 2 [Partial];ECU ID CS.165 / 2 [Reference only];ECU ID CS.165 / 3 [Partial];ECU ID CS.165 / 3 [Reference only];ECU ID CS.165 / 4 [Partial];ECU ID CS.165 / 4 [Reference only];ECU ID CS.165 / 5 [Partial];ECU ID CS.165 / 5 [Reference only];ECU ID CS.165 / 6 [Partial];ECU ID CS.165 / 6 [Reference only];ECU ID CS.165 / 7 [Conditional];ECU ID CS.165 / 7 [Reference only];ECU ID CS.165 / 8 [Conditional];ECU ID CS.165 / 8 [Reference only];ECU ID CS.165 / 9 [Conditional];ECU ID CS.165 / 9 [Reference only]	NEW-CERT-06;NEW-CERT-14 NEW-ID-05;NEW-ID-01;NEW-ID-02;NEW-ID-04;NEW-ID-05		Peer Review	-	1	ECU ID CS.165	N		N	VC;CS165:2;CS165:11;CS165:12;CS165:13;CS165:14;CS165:3;CS165:4;CS165:5;CS165:6;CS165:7;CS165:8;CS165:9;CS165:10;PDF:1-6;REF:DR-SEC-q(037/CS165 原文粒度)	Y/Y	有外部可執行素材：CS165、PDF
swe1_037_ecucert	ECUCert	12	SYSAD_SEC_ECUCERT_DIAG	Y	ECUCert 診斷器 服務層  ECUCert Diagnostic Service	SYSAD_SEC_ECUCERT_DIAG ⏎  ⏎ SYSAD_SEC_ECUCERT_DIAGMGR_COMP	SYSAD_SEC_ECUCERT_DIAG;SYSAD_SEC_ECUCERT_DIAGMGR_COMP	exact		SYS-RA-SEC-554;SYS-RA-SEC-555;SYS-RA-SEC-559;SYS-RA-SEC-565;SYS-RA-SEC-567;SYS-RA-SEC-659;SYS-RA-SEC-660	NRL-134739;NRL-134740;NRL-134744;NRL-134750;NRL-134752;NRL-134844;NRL-134845	Functional Requirement	Accepted;Rejected	Accepted	No existing test mapped;Partial / conditional test link;Reference / information linked	Cyber DIDs R&P-CS.102 / 2965 [Supporting catalog];Cyber DIDs R&P-CS.102 / 2967 [Supporting catalog];Cyber DIDs R&P-CS.102 / 2969 [Supporting catalog];DID CS.102 / 2965 [Supporting catalog];DID CS.102 / 2967 [Supporting catalog];DID CS.102 / 2969 [Supporting catalog];DTC-CS.99 / CS.00165 [Supporting catalog reference];DTC-CS.99 / CS.00165 [Supporting catalog];ECU ID CS.165 / 1 [Reference only];ECU ID CS.165 / 12 [Partial];ECU ID CS.165 / 2 [Reference only];ECU ID CS.165 / 3 [Reference only];ECU ID CS.165 / 4 [Reference only];ECU ID CS.165 / 5 [Reference only];ECU ID CS.165 / 6 [Reference only];ECU ID CS.165 / 7 [Reference only];ECU ID CS.165 / 8 [Reference only];ECU ID CS.165 / 9 [Reference only]	NEW-ID-02;NEW-ID-03;NEW-ID-04		Peer Review	-	1	ECU ID CS.165	N		N	VC;CS165:2;CS165:13;CS165:3;CS165:4;CS165:5;CS165:6;CS165:7;CS165:8;CS165:9;CS165:10;PDF:1-6;REF:DR-SEC-q(037/CS165 原文粒度)	Y/Y	有外部可執行素材：CS165、PDF
swe1_037_ecucert	ECUCert	13	SYSAD_SEC_ECUCERT_DEALER	Y	ECUCert 經銷商 服務層  ECUCert Dealer Service	SYSAD_SEC_ECUCERT_DEALER ⏎  ⏎ SYSAD_SEC_ECUCERT_DEALERMGR_COMP	SYSAD_SEC_ECUCERT_DEALER;SYSAD_SEC_ECUCERT_DEALERMGR_COMP	exact		SYS-RA-SEC-554;SYS-RA-SEC-555;SYS-RA-SEC-559;SYS-RA-SEC-565;SYS-RA-SEC-567;SYS-RA-SEC-569;SYS-RA-SEC-659;SYS-RA-SEC-660	NRL-134739;NRL-134740;NRL-134744;NRL-134750;NRL-134752;NRL-134754;NRL-134844;NRL-134845	Functional Requirement	Accepted;Rejected	Accepted	No existing test mapped;Partial / conditional test link;Reference / information linked	Cyber DIDs R&P-CS.102 / 2965 [Supporting catalog];Cyber DIDs R&P-CS.102 / 2967 [Supporting catalog];Cyber DIDs R&P-CS.102 / 2969 [Supporting catalog];DID CS.102 / 2965 [Supporting catalog];DID CS.102 / 2967 [Supporting catalog];DID CS.102 / 2969 [Supporting catalog];DTC-CS.99 / CS.00165 [Supporting catalog reference];DTC-CS.99 / CS.00165 [Supporting catalog];ECU ID CS.165 / 1 [Reference only];ECU ID CS.165 / 12 [Partial];ECU ID CS.165 / 2 [Reference only];ECU ID CS.165 / 3 [Reference only];ECU ID CS.165 / 4 [Reference only];ECU ID CS.165 / 5 [Reference only];ECU ID CS.165 / 6 [Reference only];ECU ID CS.165 / 7 [Reference only];ECU ID CS.165 / 8 [Reference only];ECU ID CS.165 / 9 [Reference only]	NEW-ID-02;NEW-ID-03;NEW-ID-04		Peer Review	-	1	ECU ID CS.165	N		N	VC;CS165:2;CS165:13;CS165:3;CS165:4;CS165:5;CS165:6;CS165:7;CS165:8;CS165:9;CS165:10;PDF:1-6;REF:DR-SEC-q(037/CS165 原文粒度)	Y/Y	有外部可執行素材：CS165、PDF
swe1_037_ecucert	ECUCert	14	SYSAD_SEC_ECUCERT_ECUCERT_SERVICE_BINDER	Y	ECUCert 服務層 Binder  ECUCert Service Binder	SYSAD_SEC_ECUCERT_ECUCERT_SERVICE_BINDER	SYSAD_SEC_ECUCERT_ECUCERT_SERVICE_BINDER	exact		SYS-RA-SEC-554;SYS-RA-SEC-559;SYS-RA-SEC-566;SYS-RA-SEC-567;SYS-RA-SEC-569;SYS-RA-SEC-659;SYS-RA-SEC-660	NRL-134739;NRL-134744;NRL-134751;NRL-134752;NRL-134754;NRL-134844;NRL-134845	Functional Requirement	Accepted;Rejected	Accepted	No existing test mapped;Partial / conditional test link;Reference / information linked	Cyber DIDs R&P-CS.102 / 2969 [Supporting catalog];DID CS.102 / 2969 [Supporting catalog];DTC-CS.99 / CS.00165 [Supporting catalog reference];ECU ID CS.165 / 1 [Reference only];ECU ID CS.165 / 12 [Partial];ECU ID CS.165 / 2 [Reference only];ECU ID CS.165 / 3 [Reference only];ECU ID CS.165 / 4 [Reference only];ECU ID CS.165 / 5 [Reference only];ECU ID CS.165 / 6 [Reference only];ECU ID CS.165 / 7 [Reference only];ECU ID CS.165 / 8 [Reference only];ECU ID CS.165 / 9 [Reference only]	NEW-ID-02;NEW-ID-04		Peer Review	-	1	ECU ID CS.165	N		N	VC;CS165:2;CS165:13;CS165:3;CS165:4;CS165:5;CS165:6;CS165:7;CS165:8;CS165:9;CS165:10;PDF:1-6;REF:DR-SEC-q(037/CS165 原文粒度)	Y/Y	有外部可執行素材：CS165、PDF
swe1_037_ecucert	ECUCert	15	SYSAD_SEC_ECUCERT_ECUONLINE_BINDER	Y	ECUCert 連線模組  服務層 Binder  ECUCert Online Service Binder	SYSAD_SEC_ECUCERT_ECUONLINE_BINDER	SYSAD_SEC_ECUCERT_ECUONLINE_BINDER	exact		SYS-RA-SEC-554;SYS-RA-SEC-559;SYS-RA-SEC-566;SYS-RA-SEC-567;SYS-RA-SEC-659;SYS-RA-SEC-660	NRL-134739;NRL-134744;NRL-134751;NRL-134752;NRL-134844;NRL-134845	Functional Requirement	Accepted;Rejected	Accepted	No existing test mapped;Partial / conditional test link;Reference / information linked	Cyber DIDs R&P-CS.102 / 2969 [Supporting catalog];DID CS.102 / 2969 [Supporting catalog];DTC-CS.99 / CS.00165 [Supporting catalog reference];ECU ID CS.165 / 1 [Reference only];ECU ID CS.165 / 12 [Partial];ECU ID CS.165 / 2 [Reference only];ECU ID CS.165 / 3 [Reference only];ECU ID CS.165 / 4 [Reference only];ECU ID CS.165 / 5 [Reference only];ECU ID CS.165 / 6 [Reference only];ECU ID CS.165 / 7 [Reference only];ECU ID CS.165 / 8 [Reference only];ECU ID CS.165 / 9 [Reference only]	NEW-ID-02;NEW-ID-04		Peer Review	-	1	ECU ID CS.165	N		N	VC;CS165:2;CS165:13;CS165:3;CS165:4;CS165:5;CS165:6;CS165:7;CS165:8;CS165:9;CS165:10;PDF:1-6;REF:DR-SEC-q(037/CS165 原文粒度)	Y/Y	有外部可執行素材：CS165、PDF
swe1_037_ecucert	ECUCert	16	SYSAD_SEC_ECUCERT_ECUCERT_STORAGE_IO	Y	ECUCert 儲存裝置 IO   ECUCert storage IO	SYSAD_SEC_ECUCERT_ECUCERT_STORAGE_IO	SYSAD_SEC_ECUCERT_ECUCERT_STORAGE_IO	exact		SYS-RA-SEC-554;SYS-RA-SEC-559;SYS-RA-SEC-566;SYS-RA-SEC-567;SYS-RA-SEC-569;SYS-RA-SEC-659;SYS-RA-SEC-660	NRL-134739;NRL-134744;NRL-134751;NRL-134752;NRL-134754;NRL-134844;NRL-134845	Functional Requirement	Accepted;Rejected	Accepted	No existing test mapped;Partial / conditional test link;Reference / information linked	Cyber DIDs R&P-CS.102 / 2969 [Supporting catalog];DID CS.102 / 2969 [Supporting catalog];DTC-CS.99 / CS.00165 [Supporting catalog reference];ECU ID CS.165 / 1 [Reference only];ECU ID CS.165 / 12 [Partial];ECU ID CS.165 / 2 [Reference only];ECU ID CS.165 / 3 [Reference only];ECU ID CS.165 / 4 [Reference only];ECU ID CS.165 / 5 [Reference only];ECU ID CS.165 / 6 [Reference only];ECU ID CS.165 / 7 [Reference only];ECU ID CS.165 / 8 [Reference only];ECU ID CS.165 / 9 [Reference only]	NEW-ID-02;NEW-ID-04		Peer Review	-	1	ECU ID CS.165	N		N	VC;CS165:2;CS165:13;CS165:3;CS165:4;CS165:5;CS165:6;CS165:7;CS165:8;CS165:9;CS165:10;PDF:1-6;REF:DR-SEC-q(037/CS165 原文粒度)	Y/Y	有外部可執行素材：CS165、PDF
swe1_037_ecucert	ECUCert	17	SYSAD_SEC_ECUCERT_ECUCERT_JNI	Y	ECUCert 服務層 JNI  ECUCert Service JNI	SYSAD_SEC_ECUCERT_ECUCERT_JNI	SYSAD_SEC_ECUCERT_ECUCERT_JNI	exact		SYS-RA-SEC-554;SYS-RA-SEC-559;SYS-RA-SEC-566;SYS-RA-SEC-567;SYS-RA-SEC-569;SYS-RA-SEC-659;SYS-RA-SEC-660	NRL-134739;NRL-134744;NRL-134751;NRL-134752;NRL-134754;NRL-134844;NRL-134845	Functional Requirement	Accepted;Rejected	Accepted	No existing test mapped;Partial / conditional test link;Reference / information linked	Cyber DIDs R&P-CS.102 / 2969 [Supporting catalog];DID CS.102 / 2969 [Supporting catalog];DTC-CS.99 / CS.00165 [Supporting catalog reference];ECU ID CS.165 / 1 [Reference only];ECU ID CS.165 / 12 [Partial];ECU ID CS.165 / 2 [Reference only];ECU ID CS.165 / 3 [Reference only];ECU ID CS.165 / 4 [Reference only];ECU ID CS.165 / 5 [Reference only];ECU ID CS.165 / 6 [Reference only];ECU ID CS.165 / 7 [Reference only];ECU ID CS.165 / 8 [Reference only];ECU ID CS.165 / 9 [Reference only]	NEW-ID-02;NEW-ID-04		Peer Review	-	1	ECU ID CS.165	N		N	VC;CS165:2;CS165:13;CS165:3;CS165:4;CS165:5;CS165:6;CS165:7;CS165:8;CS165:9;CS165:10;PDF:1-6;REF:DR-SEC-q(037/CS165 原文粒度)	Y/Y	有外部可執行素材：CS165、PDF
swe1_037_ecucert	ECUCert	18	SYSAD_SEC_ECUCERT_ECUCERT_SRV_EXPORTCSR_INTF	Y	ECUCert 匯出 CSR 介面  ECUCert CSR export interface	SYSAD_SEC_ECUCERT_ECUCERT_SRV_EXPORTCSR_INTF	SYSAD_SEC_ECUCERT_ECUCERT_SRV_EXPORTCSR_INTF	exact		SYS-RA-SEC-554;SYS-RA-SEC-556;SYS-RA-SEC-557;SYS-RA-SEC-558;SYS-RA-SEC-559;SYS-RA-SEC-560;SYS-RA-SEC-561;SYS-RA-SEC-562;SYS-RA-SEC-563;SYS-RA-SEC-564;SYS-RA-SEC-565;SYS-RA-SEC-567;SYS-RA-SEC-659;SYS-RA-SEC-660	NRL-134739;NRL-134741;NRL-134742;NRL-134743;NRL-134744;NRL-134745;NRL-134746;NRL-134747;NRL-134748;NRL-134749;NRL-134750;NRL-134752;NRL-134844;NRL-134845	Functional Requirement	Accepted;Rejected	Accepted	No existing test mapped;Partial / conditional test link;Reference / information linked	Cyber DIDs R&P-CS.102 / 2965 [Supporting catalog];Cyber DIDs R&P-CS.102 / 2967 [Supporting catalog];Cyber DIDs R&P-CS.102 / 2969 [Supporting catalog];DID CS.102 / 2965 [Supporting catalog];DID CS.102 / 2967 [Supporting catalog];DID CS.102 / 2969 [Supporting catalog];DTC-CS.99 / CS.00165 [Supporting catalog reference];ECU ID CS.165 / 1 [Partial];ECU ID CS.165 / 1 [Reference only];ECU ID CS.165 / 12 [Partial];ECU ID CS.165 / 14 [Conditional];ECU ID CS.165 / 2 [Reference only];ECU ID CS.165 / 3 [Reference only];ECU ID CS.165 / 4 [Reference only];ECU ID CS.165 / 5 [Reference only];ECU ID CS.165 / 6 [Reference only];ECU ID CS.165 / 7 [Reference only];ECU ID CS.165 / 8 [Reference only];ECU ID CS.165 / 9 [Reference only]	NEW-ID-02;NEW-ID-03;NEW-ID-04		Peer Review	-	1	ECU ID CS.165	N		N	VC;CS165:2;CS165:13;CS165:3;CS165:4;CS165:5;CS165:6;CS165:7;CS165:8;CS165:9;CS165:10;PDF:1-6;SYSAD:ecucert_a01:T30;SYSAD:ecucert_a01:T31;REF:DR-SEC-q(037/CS165 原文粒度)	Y/Y	有外部可執行素材：CS165、PDF
swe1_037_ecucert	ECUCert	19	SYSAD_SEC_ECUCERT_ECUCERT_SRV_EXPORTCERT_INTF	Y	ECUCert 匯出 ECU certificate 介面  ECUCert  ECU certificate export interface	SYSAD_SEC_ECUCERT_ECUCERT_SRV_EXPORTCERT_INTF	SYSAD_SEC_ECUCERT_ECUCERT_SRV_EXPORTCERT_INTF	exact		SYS-RA-SEC-554;SYS-RA-SEC-559;SYS-RA-SEC-567;SYS-RA-SEC-659;SYS-RA-SEC-660	NRL-134739;NRL-134744;NRL-134752;NRL-134844;NRL-134845	Functional Requirement	Accepted;Rejected	Accepted	No existing test mapped;Partial / conditional test link;Reference / information linked	Cyber DIDs R&P-CS.102 / 2969 [Supporting catalog];DID CS.102 / 2969 [Supporting catalog];DTC-CS.99 / CS.00165 [Supporting catalog reference];ECU ID CS.165 / 1 [Reference only];ECU ID CS.165 / 12 [Partial];ECU ID CS.165 / 2 [Reference only];ECU ID CS.165 / 3 [Reference only];ECU ID CS.165 / 4 [Reference only];ECU ID CS.165 / 5 [Reference only];ECU ID CS.165 / 6 [Reference only];ECU ID CS.165 / 7 [Reference only];ECU ID CS.165 / 8 [Reference only];ECU ID CS.165 / 9 [Reference only]	NEW-ID-02;NEW-ID-04		Peer Review	-	1	ECU ID CS.165	N		N	VC;CS165:2;CS165:13;CS165:3;CS165:4;CS165:5;CS165:6;CS165:7;CS165:8;CS165:9;CS165:10;PDF:1-6;SYSAD:ecucert_a01:T32;SYSAD:ecucert_a01:T33;REF:DR-SEC-q(037/CS165 原文粒度)	Y/Y	有外部可執行素材：CS165、PDF
swe1_037_ecucert	ECUCert	20	SYSAD_SEC_ECUCERT_ECUCERT_SRV_IMPORTCERT_INTF	Y	ECUCert 匯入 ECU certificate 介面  ECUCert  ECU certificate import interface	SYSAD_SEC_ECUCERT_ECUCERT_SRV_IMPORTCERT_INTF	SYSAD_SEC_ECUCERT_ECUCERT_SRV_IMPORTCERT_INTF	exact		SYS-RA-SEC-554;SYS-RA-SEC-559;SYS-RA-SEC-567;SYS-RA-SEC-569;SYS-RA-SEC-659;SYS-RA-SEC-660	NRL-134739;NRL-134744;NRL-134752;NRL-134754;NRL-134844;NRL-134845	Functional Requirement	Accepted;Rejected	Accepted	No existing test mapped;Partial / conditional test link;Reference / information linked	Cyber DIDs R&P-CS.102 / 2969 [Supporting catalog];DID CS.102 / 2969 [Supporting catalog];DTC-CS.99 / CS.00165 [Supporting catalog reference];ECU ID CS.165 / 1 [Reference only];ECU ID CS.165 / 12 [Partial];ECU ID CS.165 / 2 [Reference only];ECU ID CS.165 / 3 [Reference only];ECU ID CS.165 / 4 [Reference only];ECU ID CS.165 / 5 [Reference only];ECU ID CS.165 / 6 [Reference only];ECU ID CS.165 / 7 [Reference only];ECU ID CS.165 / 8 [Reference only];ECU ID CS.165 / 9 [Reference only]	NEW-ID-02;NEW-ID-04		Peer Review	-	1	ECU ID CS.165	N		N	VC;CS165:2;CS165:13;CS165:3;CS165:4;CS165:5;CS165:6;CS165:7;CS165:8;CS165:9;CS165:10;PDF:1-6;SYSAD:ecucert_a01:T34;REF:DR-SEC-q(037/CS165 原文粒度)	Y/Y	有外部可執行素材：CS165、PDF
swe1_037_ecucert	ECUCert	21	SYSAD_SEC_ECUCERT_ECUONLINE_DOWNLOADCERT_INTF	Y	ECUCert 下載 ECU certificate 介面  ECUCert  ECU certificate download interface	SYSAD_SEC_ECUCERT_ECUONLINE_DOWNLOADCERT_INTF	SYSAD_SEC_ECUCERT_ECUONLINE_DOWNLOADCERT_INTF	exact		SYS-RA-SEC-554;SYS-RA-SEC-556;SYS-RA-SEC-557;SYS-RA-SEC-558;SYS-RA-SEC-559;SYS-RA-SEC-560;SYS-RA-SEC-561;SYS-RA-SEC-562;SYS-RA-SEC-563;SYS-RA-SEC-564;SYS-RA-SEC-565;SYS-RA-SEC-566;SYS-RA-SEC-567;SYS-RA-SEC-568;SYS-RA-SEC-570;SYS-RA-SEC-571;SYS-RA-SEC-572;SYS-RA-SEC-573;SYS-RA-SEC-574;SYS-RA-SEC-576;SYS-RA-SEC-577;SYS-RA-SEC-659;SYS-RA-SEC-660;SYS-RA-SEC-662	NRL-134739;NRL-134741;NRL-134742;NRL-134743;NRL-134744;NRL-134745;NRL-134746;NRL-134747;NRL-134748;NRL-134749;NRL-134750;NRL-134751;NRL-134752;NRL-134753;NRL-134755;NRL-134756;NRL-134757;NRL-134758;NRL-134759;NRL-134761;NRL-134762;NRL-134844;NRL-134845;NRL-134847	Functional Requirement	Accepted;Rejected	Accepted	No existing test mapped;Partial / conditional test link;Reference / information linked	Cyber DIDs R&P-CS.102 / 2965 [Supporting catalog];Cyber DIDs R&P-CS.102 / 2967 [Supporting catalog];Cyber DIDs R&P-CS.102 / 2969 [Supporting catalog];DID CS.102 / 2965 [Supporting catalog];DID CS.102 / 2967 [Supporting catalog];DID CS.102 / 2969 [Supporting catalog];DTC-CS.99 / CS.00165 [Supporting catalog reference];DTC-CS.99 / SD.00125 [Supporting catalog reference];ECU ID CS.165 / 1 [Partial];ECU ID CS.165 / 1 [Reference only];ECU ID CS.165 / 10 [Conditional];ECU ID CS.165 / 11 [Conditional];ECU ID CS.165 / 12 [Partial];ECU ID CS.165 / 13 [Conditional];ECU ID CS.165 / 14 [Conditional];ECU ID CS.165 / 2 [Partial];ECU ID CS.165 / 2 [Reference only];ECU ID CS.165 / 3 [Partial];ECU ID CS.165 / 3 [Reference only];ECU ID CS.165 / 4 [Partial];ECU ID CS.165 / 4 [Reference only];ECU ID CS.165 / 5 [Partial];ECU ID CS.165 / 5 [Reference only];ECU ID CS.165 / 6 [Partial];ECU ID CS.165 / 6 [Reference only];ECU ID CS.165 / 7 [Conditional];ECU ID CS.165 / 7 [Reference only];ECU ID CS.165 / 8 [Conditional];ECU ID CS.165 / 8 [Reference only];ECU ID CS.165 / 9 [Conditional];ECU ID CS.165 / 9 [Reference only]	NEW-CERT-06;NEW-ID-01;NEW-ID-02;NEW-ID-03;NEW-ID-04;NEW-ID-05		Peer Review	-	1	ECU ID CS.165	N		N	VC;CS165:2;CS165:11;CS165:12;CS165:13;CS165:14;CS165:3;CS165:4;CS165:5;CS165:6;CS165:7;CS165:8;CS165:9;CS165:10;PDF:1-6;SYSAD:ecucert_a01:T35;REF:DR-SEC-q(037/CS165 原文粒度)	Y/Y	有外部可執行素材：CS165、PDF
swe1_037_swdlsecurelib	SwdlSecureLib	9	SWE1-SRA-SECURITY-SWDL-001	N	SwdlSecureLib's requirements: Provide interfaces for decryption and verification, and the ability to retrieve the key from the system.  SwdlSecureLib 的需求：提供解密，驗證的介面，及跟系統取金鑰的能力。	SYSAD_SECURITY_SWDL_SWDL ⏎  ⏎ SYSAD_SECURITY_SWDL_SWDL_COMP	SYSAD_SECURITY_SWDL_SWDL;SYSAD_SECURITY_SWDL_SWDL_COMP	exact		SYS-RA-SEC-335;SYS-RA-SEC-336;SYS-RA-SEC-337;SYS-RA-SEC-338;SYS-RA-SEC-339;SYS-RA-SEC-340;SYS-RA-SEC-341;SYS-RA-SEC-344;SYS-RA-SEC-346;SYS-RA-SEC-347;SYS-RA-SEC-348;SYS-RA-SEC-349;SYS-RA-SEC-350;SYS-RA-SEC-351;SYS-RA-SEC-352;SYS-RA-SEC-353;SYS-RA-SEC-354;SYS-RA-SEC-356;SYS-RA-SEC-357;SYS-RA-SEC-358;SYS-RA-SEC-380;SYS-RA-SEC-381;SYS-RA-SEC-382;SYS-RA-SEC-386;SYS-RA-SEC-392;SYS-RA-SEC-393;SYS-RA-SEC-394;SYS-RA-SEC-395;SYS-RA-SEC-396;SYS-RA-SEC-397;SYS-RA-SEC-399;SYS-RA-SEC-400;SYS-RA-SEC-401;SYS-RA-SEC-402;SYS-RA-SEC-403;SYS-RA-SEC-404;SYS-RA-SEC-405;SYS-RA-SEC-406;SYS-RA-SEC-407;SYS-RA-SEC-408;SYS-RA-SEC-410;SYS-RA-SEC-411;SYS-RA-SEC-412;SYS-RA-SEC-413;SYS-RA-SEC-414;SYS-RA-SEC-415;SYS-RA-SEC-416;SYS-RA-SEC-417;SYS-RA-SEC-418;SYS-RA-SEC-419;SYS-RA-SEC-420;SYS-RA-SEC-422;SYS-RA-SEC-423;SYS-RA-SEC-424;SYS-RA-SEC-427;SYS-RA-SEC-428;SYS-RA-SEC-619;SYS-RA-SEC-638;SYS-RA-SEC-639;SYS-RA-SEC-640;SYS-RA-SEC-642;SYS-RA-SEC-643;SYS-RA-SEC-656;SYS-RA-SEC-664	NRL-134520;NRL-134521;NRL-134522;NRL-134523;NRL-134524;NRL-134525;NRL-134526;NRL-134529;NRL-134531;NRL-134532;NRL-134533;NRL-134534;NRL-134535;NRL-134536;NRL-134537;NRL-134538;NRL-134539;NRL-134541;NRL-134542;NRL-134543;NRL-134565;NRL-134566;NRL-134567;NRL-134571;NRL-134577;NRL-134578;NRL-134579;NRL-134580;NRL-134581;NRL-134582;NRL-134584;NRL-134585;NRL-134586;NRL-134587;NRL-134588;NRL-134589;NRL-134590;NRL-134591;NRL-134592;NRL-134593;NRL-134595;NRL-134596;NRL-134597;NRL-134598;NRL-134599;NRL-134600;NRL-134601;NRL-134602;NRL-134603;NRL-134604;NRL-134605;NRL-134607;NRL-134608;NRL-134609;NRL-134612;NRL-134613;NRL-134804;NRL-134823;NRL-134824;NRL-134825;NRL-134827;NRL-134828;NRL-134841;NRL-134849	Functional Requirement;Heading	Accepted;Rejected	Accepted	Conflict;Direct test link;Heading;No existing test mapped;Partial / conditional test link;Reference / information;Reference / information linked	Auth-Boot CS.93 / 10 [Direct];Auth-Boot CS.93 / 10 [Partial];Auth-Boot CS.93 / 9 [Direct];Auth-Prog CS.93 / 2 [Partial];Auth-Prog CS.93 / 3 [Direct];Auth-Prog CS.93 / 4 [Direct];Auth-Prog CS.93 / 4 [Partial];Auth-Prog CS.93 / 5 [Partial];Auth-Prog CS.93 / 6 [Partial];Auth-Prog CS.93 / 7 [Conflict];Auth-Prog CS.93 / 7 [Partial];Auth-Prog CS.93 / 9 [Partial];Cert Val CS.98 / 1 [Partial];Cert Val CS.98 / 3 [Partial];Cert Val CS.98 / 4 [Conditional];Cyber DIDs R&P-CS.102 / F111 [Supporting catalog];Cyber DIDs R&P-CS.102 / F1C6 [Supporting catalog];DID CS.102 / F111 [Supporting catalog];DID CS.102 / F1C6 [Supporting catalog];ECU ID CS.165 / 10 [Reference only];ECU ID CS.165 / 11 [Reference only];ECU ID CS.165 / 13 [Reference only]	NEW-BOOT-02;NEW-CERT-01;NEW-CERT-04 NEW-CERT-11;NEW-CERT-07;NEW-CERT-07 NEW-CERT-11;NEW-NET-01;NEW-UPD-01	ecuCertTestSelfSignedChain	Peer Review : config parameters	-	1	Auth-Boot CS.93、Auth-Prog CS.93、Cert Val CS.98、ECU ID CS.165	N		N	VC;APK:ecuCertTestSelfSignedChain;CS98:2;CS98:4;CS98:5;CS165:11;CS165:12;CS165:14	Y/Y	有外部可執行素材：APK、CS165、CS98
swe1_037_swdlsecurelib	SwdlSecureLib	10	SWE1-SRA-SECURITY-SWDL-002	N	Key Agent Requirements: Ability to retrieve the key from the system.	SYSAD_SECURITY_SWDL_SECUREAGENT ⏎  ⏎ SYSAD_SECURITY_SWDL_SECUREAGENT _COMP	SYSAD_SECURITY_SWDL_SECUREAGENT;SYSAD_SECURITY_SWDL_SECUREAGENT_COMP	exact		SYS-RA-SEC-380;SYS-RA-SEC-381;SYS-RA-SEC-382;SYS-RA-SEC-386;SYS-RA-SEC-392;SYS-RA-SEC-393;SYS-RA-SEC-394;SYS-RA-SEC-395;SYS-RA-SEC-396;SYS-RA-SEC-397	NRL-134565;NRL-134566;NRL-134567;NRL-134571;NRL-134577;NRL-134578;NRL-134579;NRL-134580;NRL-134581;NRL-134582	Functional Requirement	Accepted;Rejected	Accepted	No existing test mapped;Partial / conditional test link	Auth-Prog CS.93 / 2 [Partial];Cert Val CS.98 / 1 [Partial];Cert Val CS.98 / 3 [Partial];Cyber DIDs R&P-CS.102 / F111 [Supporting catalog];Cyber DIDs R&P-CS.102 / F1C6 [Supporting catalog];DID CS.102 / F111 [Supporting catalog];DID CS.102 / F1C6 [Supporting catalog]	NEW-CERT-01;NEW-CERT-07;NEW-CERT-07 NEW-CERT-11;NEW-NET-01	ecuCertTestSelfSignedChain	Peer Review : interact protocol	-	1	Auth-Prog CS.93、Cert Val CS.98	N		N	VC;APK:ecuCertTestSelfSignedChain;CS98:2;CS98:4	Y/Y	有外部可執行素材：APK、CS98
swe1_037_swdlsecurelib	SwdlSecureLib	11	SWE1-SRA-SECURITY-SWDL-003	N	It is responsible for decrypting data using the acquired key;  Outputting the decrypted data;  Finally returning the result.  負責用已取得的金鑰，解密資料的動作； 且輸出解密過的資料； 最後回傳結果。	SYSAD_SECURITY_SWDL_DECRYPTPACKAGE_INTF ⏎  ⏎ SYSAD_SECURITY_SWDL_DECRYPTPACKAGE ⏎ SYSAD_SECURITY_SWDL_DECRYPTPACKAGE_COMP	SYSAD_SECURITY_SWDL_DECRYPTPACKAGE_INTF;SYSAD_SECURITY_SWDL_DECRYPTPACKAGE;SYSAD_SECURITY_SWDL_DECRYPTPACKAGE_COMP	exact		SYS-RA-SEC-346;SYS-RA-SEC-349;SYS-RA-SEC-350;SYS-RA-SEC-381;SYS-RA-SEC-382;SYS-RA-SEC-386;SYS-RA-SEC-392;SYS-RA-SEC-393;SYS-RA-SEC-394;SYS-RA-SEC-395;SYS-RA-SEC-396;SYS-RA-SEC-397;SYS-RA-SEC-424;SYS-RA-SEC-427;SYS-RA-SEC-428	NRL-134531;NRL-134534;NRL-134535;NRL-134566;NRL-134567;NRL-134571;NRL-134577;NRL-134578;NRL-134579;NRL-134580;NRL-134581;NRL-134582;NRL-134609;NRL-134612;NRL-134613	Functional Requirement	Accepted;Rejected	Accepted	Direct test link;No existing test mapped;Partial / conditional test link	Auth-Boot CS.93 / 9 [Direct];Auth-Prog CS.93 / 2 [Partial];Auth-Prog CS.93 / 4 [Direct];Auth-Prog CS.93 / 9 [Partial];Cert Val CS.98 / 1 [Partial];Cert Val CS.98 / 3 [Partial];Cyber DIDs R&P-CS.102 / F111 [Supporting catalog];Cyber DIDs R&P-CS.102 / F1C6 [Supporting catalog];DID CS.102 / F111 [Supporting catalog];DID CS.102 / F1C6 [Supporting catalog]	NEW-CERT-01;NEW-CERT-07;NEW-CERT-07 NEW-CERT-11;NEW-NET-01	ecuCertTestSelfSignedChain	Peer Review	-	1	Auth-Boot CS.93、Auth-Prog CS.93、Cert Val CS.98	N		N	VC;APK:ecuCertTestSelfSignedChain;CS98:2;CS98:4;SYSAD:swdl_a01:T22	Y/Y	有外部可執行素材：APK、CS98
swe1_037_swdlsecurelib	SwdlSecureLib	12	SWE1-SRA-SECURITY-SWDL-004	N	It is responsible for verifying the credentials using the acquired key; and finally, returning the result.  負責用已取得的金鑰，驗證憑證的動作； 最後回傳結果。	SYSAD_SECURITY_SWDL_VERIFYDATA_INTF ⏎  ⏎ SYSAD_SECURITY_SWDL_VERIFYDATA ⏎ SYSAD_SECURITY_SWDL_VERIFYDATA_COMP	SYSAD_SECURITY_SWDL_VERIFYDATA_INTF;SYSAD_SECURITY_SWDL_VERIFYDATA;SYSAD_SECURITY_SWDL_VERIFYDATA_COMP	exact		SYS-RA-SEC-346;SYS-RA-SEC-349;SYS-RA-SEC-350;SYS-RA-SEC-381;SYS-RA-SEC-382;SYS-RA-SEC-386;SYS-RA-SEC-392;SYS-RA-SEC-395;SYS-RA-SEC-396;SYS-RA-SEC-397;SYS-RA-SEC-424;SYS-RA-SEC-427;SYS-RA-SEC-428	NRL-134531;NRL-134534;NRL-134535;NRL-134566;NRL-134567;NRL-134571;NRL-134577;NRL-134580;NRL-134581;NRL-134582;NRL-134609;NRL-134612;NRL-134613	Functional Requirement	Accepted;Rejected	Accepted	Direct test link;No existing test mapped;Partial / conditional test link	Auth-Boot CS.93 / 9 [Direct];Auth-Prog CS.93 / 2 [Partial];Auth-Prog CS.93 / 4 [Direct];Auth-Prog CS.93 / 9 [Partial];Cert Val CS.98 / 1 [Partial];Cert Val CS.98 / 3 [Partial];Cyber DIDs R&P-CS.102 / F111 [Supporting catalog];Cyber DIDs R&P-CS.102 / F1C6 [Supporting catalog];DID CS.102 / F111 [Supporting catalog];DID CS.102 / F1C6 [Supporting catalog]	NEW-CERT-01;NEW-CERT-07;NEW-CERT-07 NEW-CERT-11	ecuCertTestSelfSignedChain	Peer Review	-	1	Auth-Boot CS.93、Auth-Prog CS.93、Cert Val CS.98	N		N	VC;APK:ecuCertTestSelfSignedChain;CS98:2;CS98:4;SYSAD:swdl_a01:T23	Y/Y	有外部可執行素材：APK、CS98
swe1_037_swdlsecurelib	SwdlSecureLib	13	SWE1-SRA-SECURITY-SWDL-005	N	Obtain the key  取得金鑰。	SYSAD_SECURITY_SWDL_SECUREAGENT_USE_COMP ⏎  ⏎ SYSAD_SECURITY_SWDL_SECUREAGENT_USE_INTF	SYSAD_SECURITY_SWDL_SECUREAGENT_USE_COMP;SYSAD_SECURITY_SWDL_SECUREAGENT_USE_INTF	exact		SYS-RA-SEC-380;SYS-RA-SEC-381;SYS-RA-SEC-382;SYS-RA-SEC-386;SYS-RA-SEC-392;SYS-RA-SEC-393;SYS-RA-SEC-394;SYS-RA-SEC-395;SYS-RA-SEC-396;SYS-RA-SEC-397	NRL-134565;NRL-134566;NRL-134567;NRL-134571;NRL-134577;NRL-134578;NRL-134579;NRL-134580;NRL-134581;NRL-134582	Functional Requirement	Accepted;Rejected	Accepted	No existing test mapped;Partial / conditional test link	Auth-Prog CS.93 / 2 [Partial];Cert Val CS.98 / 1 [Partial];Cert Val CS.98 / 3 [Partial];Cyber DIDs R&P-CS.102 / F111 [Supporting catalog];Cyber DIDs R&P-CS.102 / F1C6 [Supporting catalog];DID CS.102 / F111 [Supporting catalog];DID CS.102 / F1C6 [Supporting catalog]	NEW-CERT-01;NEW-CERT-07;NEW-CERT-07 NEW-CERT-11;NEW-NET-01	ecuCertTestSelfSignedChain	Peer Review	-	1	Auth-Prog CS.93、Cert Val CS.98	N		N	VC;APK:ecuCertTestSelfSignedChain;CS98:2;CS98:4;SYSAD:swdl_a01:T24	Y/Y	有外部可執行素材：APK、CS98
swe1_037_liblogencrypt	libLogEncrypt	9	SWE1-LOGENC-001	N	Log Encryption is under Android 14 environment	SYSAD_SECURITY_LOGENCRYPT	SYSAD_SECURITY_LOGENCRYPT	exact		SYS-RA-SEC-501	NRL-134686	Functional Requirement	Accepted	Accepted	No existing test mapped				Peer Review	-	2		N		N	VC	N/N	VC 受詞為 source code／build environment，無外部入口
swe1_037_liblogencrypt	libLogEncrypt	10	SWE1-LOGENC-002	N	Log Encryption should be a native layer library	SYSAD_SECURITY_LOGENCRYPT	SYSAD_SECURITY_LOGENCRYPT	exact		SYS-RA-SEC-501	NRL-134686	Functional Requirement	Accepted	Accepted	No existing test mapped				Peer Review	-	2		N		N	VC	N/N	VC 受詞為 source code／build environment，無外部入口
swe1_037_liblogencrypt	libLogEncrypt	11	SWE1-LOGENC-003	N	Log Encryption should provide log file encryption APIs for native clients.	SYSAD_SECURITY_LOGENCRYPT_ENCRYPTION_INTF	SYSAD_SECURITY_LOGENCRYPT_ENCRYPTION_INTF	exact		SYS-RA-SEC-501	NRL-134686	Functional Requirement	Accepted	Accepted	No existing test mapped				Peer Review	-	2		N		N	VC;SYSAD:liblogencrypt_a01:T13	N/N	VC 無具體指令／路徑／值，且無外部素材
swe1_037_liblogencrypt	libLogEncrypt	12	SWE1-LOGENC-004	N	Log Encryption has to use AES as symmetric encryption method to encrypt log files	SYSAD_SECURITY_LOGENCRYPT_ENCRYPTION ⏎  ⏎ SYSAD_SECURITY_ LOGENCRYPT_ENCRYPTION_COMP	SYSAD_SECURITY_LOGENCRYPT_ENCRYPTION;SYSAD_SECURITY_LOGENCRYPT_ENCRYPTION_COMP	exact		SYS-RA-SEC-501	NRL-134686	Functional Requirement	Accepted	Accepted	No existing test mapped				Peer Review	-	2		N		N	VC	N/N	VC 受詞為 source code／build environment，無外部入口
swe1_037_liblogencrypt	libLogEncrypt	13	SWE1-LOGENC-005	N	Log Encryption has to use RSA as asymmetric encryption method to encrypt symmetric encryption key	SYSAD_SECURITY_LOGENCRYPT_ENCRYPTION ⏎  ⏎ SYSAD_SECURITY_ LOGENCRYPT_ENCRYPTION_COMP	SYSAD_SECURITY_LOGENCRYPT_ENCRYPTION;SYSAD_SECURITY_LOGENCRYPT_ENCRYPTION_COMP	exact		SYS-RA-SEC-501	NRL-134686	Functional Requirement	Accepted	Accepted	No existing test mapped				Peer Review	-	2		N		N	VC	N/N	VC 受詞為 source code／build environment，無外部入口
swe1_037_liblogencrypt	libLogEncrypt	14	SWE1-LOGENC-006	N	Log Encryption should use unique symmetric key for each encryption procedure	SYSAD_SECURITY_LOGENCRYPT_ENCRYPTKEY_AGENT ⏎  ⏎ SYSAD_SECURITY_ LOGENCRYPT_ ENCRYPTKEY_AGENT _COMP	SYSAD_SECURITY_LOGENCRYPT_ENCRYPTKEY_AGENT;SYSAD_SECURITY_LOGENCRYPT_ENCRYPTKEY_AGENT_COMP	exact		SYS-RA-SEC-501	NRL-134686	Functional Requirement	Accepted	Accepted	No existing test mapped				Testing	-	2		N		N	VC	部分/部分	VC 含具體指令／路徑／值，惟無外部素材補齊全部步驟
swe1_037_liblogencrypt	libLogEncrypt	15	SWE1-LOGENC-007	N	Log Encryption should use Boring SSL as source of AES key	SYSAD_SECURITY_LOGENCRYPT_KEYAGENT_INTF ⏎  ⏎ SYSAD_SECURITY_LOGENCRYPT_KEYASSET_INTF	SYSAD_SECURITY_LOGENCRYPT_KEYAGENT_INTF;SYSAD_SECURITY_LOGENCRYPT_KEYASSET_INTF	exact		SYS-RA-SEC-501	NRL-134686	Functional Requirement	Accepted	Accepted	No existing test mapped				Peer Review	-	2		N		N	VC;SYSAD:liblogencrypt_a01:T15;SYSAD:liblogencrypt_a01:T16	N/N	VC 受詞為 source code／build environment，無外部入口
swe1_037_liblogencrypt	libLogEncrypt	16	SWE1-LOGENC-008	N	Log Encryption should use KeyInstall SW component as source of RSA key.	SYSAD_SECURITY_LOGENCRYPT_KEYAGENT_INTF ⏎  ⏎ SYSAD_SECURITY_LOGENCRYPT_KEYASSET_INTF	SYSAD_SECURITY_LOGENCRYPT_KEYAGENT_INTF;SYSAD_SECURITY_LOGENCRYPT_KEYASSET_INTF	exact		SYS-RA-SEC-501	NRL-134686	Functional Requirement	Accepted	Accepted	No existing test mapped				Peer Review	-	2		N		N	VC;SYSAD:liblogencrypt_a01:T15;SYSAD:liblogencrypt_a01:T16	N/N	VC 受詞為 source code／build environment，無外部入口
swe1_037_liblogencrypt	libLogEncrypt	17	SWE1-LOGENC-009	N	Log Encryption should have a interface for file operations	SYSAD_SECURITY_LOGENCRYPT_STORAGE_INTF	SYSAD_SECURITY_LOGENCRYPT_STORAGE_INTF	exact		SYS-RA-SEC-501	NRL-134686	Functional Requirement	Accepted	Accepted	No existing test mapped				Peer Review	-	2		N		N	VC;SYSAD:liblogencrypt_a01:T14	N/N	VC 受詞為 source code／build environment，無外部入口
